7.76,7.58,-1.62,7.71,7.72,-1.50,7.72,7.72,-1.50,7.74,7.72,-1.50,7.63,7.7,-1.60,7.58,7.7,-1.60,7.52,7.69,-1.61,7.62,7.65,-0.81,7.3,7.59,-1.27,7.77,7.41,-1.35,7.67,7.39,-1.48,8.02,6.56,-0.04,6.75,6.59,-1.26,7.92,5.46,0.33,6.1,5.52,-1.39,7.95,4.55,-0.22,6.36,4.51,-1.73,7.95,4.27,-0.32,6.42,4.22,-1.94,7.94,4.27,-0.50,6.56,4.27,-2.00,7.92,4.37,-0.31,6.57,4.36,-1.75,7.59,4.34,0.43,6.99,4.33,-0.43,7.19,2.63,1.00,7.31,2.56,-0.37,6.67,1.15,1.91,7.44,1.06,0.13,6.52,0.91,1.97,7.42,0.84,0.14,7.28,0.81,1.50,7.95,0.73,-0.52,
7.75,7.58,-1.46,7.71,7.72,-1.34,7.72,7.72,-1.34,7.73,7.72,-1.34,7.63,7.7,-1.45,7.57,7.7,-1.45,7.51,7.69,-1.45,7.62,7.65,-0.66,7.29,7.59,-1.15,7.77,7.41,-1.20,7.66,7.39,-1.34,7.99,6.56,0.06,6.75,6.59,-1.16,7.9,5.43,0.36,6.08,5.52,-1.32,7.95,4.49,-0.22,6.3,4.53,-1.72,7.95,4.19,-0.33,6.38,4.23,-1.94,7.93,4.2,-0.50,6.51,4.29,-1.99,7.9,4.3,-0.31,6.51,4.38,-1.74,7.55,4.34,0.43,6.97,4.33,-0.43,7.17,2.63,0.72,7.31,2.58,-0.43,6.67,1.13,1.42,7.46,1.06,0.06,6.49,0.86,1.46,7.44,0.84,0.07,7.28,0.81,0.96,7.95,0.73,-0.58,
7.73,7.57,-1.35,7.68,7.71,-1.23,7.69,7.71,-1.23,7.7,7.71,-1.23,7.6,7.7,-1.35,7.55,7.69,-1.35,7.49,7.68,-1.35,7.58,7.64,-0.57,7.28,7.58,-1.08,7.74,7.4,-1.09,7.64,7.38,-1.24,7.95,6.54,0.14,6.73,6.6,-1.10,7.85,5.39,0.44,6.06,5.55,-1.28,7.94,4.45,-0.18,6.23,4.54,-1.71,7.95,4.13,-0.29,6.32,4.24,-1.92,7.93,4.15,-0.48,6.45,4.3,-1.97,7.9,4.25,-0.27,6.44,4.4,-1.72,7.48,4.34,0.44,6.9,4.33,-0.44,7.1,2.63,0.78,7.29,2.6,-0.51,6.66,1.11,1.54,7.47,1.06,-0.07,6.47,0.82,1.58,7.46,0.83,-0.07,7.28,0.8,1.10,7.97,0.73,-0.72,
7.7,7.56,-1.26,7.65,7.7,-1.15,7.65,7.7,-1.15,7.66,7.7,-1.15,7.57,7.69,-1.27,7.52,7.68,-1.27,7.46,7.67,-1.27,7.53,7.62,-0.53,7.25,7.57,-1.04,7.71,7.39,-1.02,7.61,7.36,-1.17,7.88,6.5,0.14,6.69,6.6,-1.08,7.78,5.34,0.43,6.0,5.56,-1.29,7.93,4.37,-0.16,6.18,4.56,-1.72,7.95,4.04,-0.28,6.24,4.25,-1.95,7.91,4.06,-0.47,6.38,4.32,-1.98,7.88,4.16,-0.26,6.39,4.42,-1.74,7.38,4.34,0.44,6.81,4.32,-0.44,7.02,2.63,0.83,7.27,2.61,-0.53,6.64,1.11,1.61,7.47,1.06,-0.17,6.45,0.81,1.65,7.45,0.83,-0.17,7.27,0.8,1.19,7.98,0.73,-0.81,
7.66,7.54,-1.28,7.6,7.68,-1.17,7.61,7.68,-1.17,7.61,7.69,-1.17,7.53,7.67,-1.28,7.48,7.67,-1.29,7.42,7.66,-1.29,7.48,7.6,-0.55,7.21,7.56,-1.07,7.66,7.37,-1.04,7.56,7.35,-1.19,7.79,6.46,0.11,6.66,6.61,-1.11,7.69,5.3,0.43,5.95,5.59,-1.39,7.91,4.33,-0.17,6.14,4.61,-1.91,7.95,4.0,-0.28,6.18,4.29,-2.14,7.91,4.02,-0.47,6.32,4.35,-2.17,7.88,4.12,-0.26,6.34,4.46,-1.93,7.29,4.34,0.44,6.75,4.33,-0.44,6.97,2.66,0.85,7.22,2.64,-0.54,6.63,1.11,1.65,7.47,1.08,-0.24,6.44,0.82,1.69,7.4,0.85,-0.24,7.2,0.81,1.24,7.98,0.73,-0.87,
7.62,7.54,-1.29,7.56,7.67,-1.19,7.57,7.68,-1.19,7.57,7.68,-1.19,7.5,7.67,-1.31,7.45,7.66,-1.31,7.39,7.66,-1.31,7.43,7.6,-0.57,7.18,7.55,-1.10,7.63,7.37,-1.05,7.53,7.34,-1.22,7.68,6.45,0.09,6.62,6.63,-1.18,7.6,5.27,0.42,5.91,5.62,-1.55,7.89,4.29,-0.16,6.12,4.65,-2.04,7.95,3.97,-0.25,6.14,4.31,-2.27,7.91,3.99,-0.45,6.28,4.36,-2.28,7.88,4.09,-0.26,6.3,4.47,-2.05,7.18,4.35,0.45,6.67,4.34,-0.45,6.93,2.71,0.82,7.16,2.67,-0.46,6.63,1.11,1.52,7.41,1.08,-0.19,6.45,0.82,1.56,7.31,0.85,-0.17,7.21,0.82,1.13,7.98,0.75,-0.70,
7.58,7.54,-1.28,7.52,7.67,-1.18,7.53,7.67,-1.18,7.53,7.67,-1.18,7.46,7.66,-1.30,7.41,7.66,-1.30,7.35,7.66,-1.30,7.38,7.6,-0.57,7.14,7.55,-1.11,7.58,7.36,-1.04,7.49,7.34,-1.21,7.58,6.45,0.10,6.58,6.66,-1.22,7.51,5.25,0.42,5.85,5.67,-1.61,7.86,4.31,-0.12,6.08,4.72,-2.10,7.95,3.99,-0.19,6.08,4.35,-2.33,7.92,4.01,-0.38,6.23,4.39,-2.33,7.88,4.11,-0.21,6.25,4.51,-2.11,7.07,4.37,0.46,6.58,4.37,-0.46,6.9,2.76,0.83,7.1,2.75,-0.46,6.63,1.12,1.50,7.27,1.11,-0.16,6.45,0.82,1.54,7.12,0.85,-0.16,7.24,0.86,1.14,7.91,0.79,-0.74,
7.53,7.54,-1.29,7.48,7.67,-1.19,7.48,7.67,-1.19,7.48,7.67,-1.19,7.41,7.66,-1.36,7.36,7.66,-1.36,7.31,7.66,-1.36,7.33,7.6,-0.60,7.09,7.56,-1.25,7.52,7.36,-1.06,7.44,7.34,-1.28,7.48,6.45,0.10,6.53,6.68,-1.33,7.43,5.26,0.42,5.81,5.68,-1.70,7.84,4.33,-0.10,6.06,4.73,-2.17,7.95,4.01,-0.17,6.05,4.37,-2.39,7.93,4.02,-0.37,6.19,4.4,-2.40,7.89,4.12,-0.20,6.22,4.52,-2.18,7.0,4.4,0.48,6.53,4.41,-0.48,6.87,2.82,0.83,7.06,2.84,-0.58,6.64,1.13,1.50,7.06,1.13,-0.29,6.46,0.83,1.53,6.9,0.87,-0.29,7.25,0.89,1.13,7.75,0.81,-0.91,
7.47,7.54,-1.37,7.43,7.67,-1.27,7.44,7.67,-1.27,7.44,7.67,-1.27,7.37,7.67,-1.45,7.32,7.66,-1.45,7.26,7.66,-1.45,7.28,7.6,-0.68,7.04,7.57,-1.38,7.46,7.36,-1.14,7.39,7.34,-1.36,7.4,6.45,0.07,6.48,6.71,-1.49,7.36,5.26,0.41,5.8,5.68,-1.79,7.8,4.33,-0.09,6.08,4.71,-2.13,7.94,4.02,-0.14,6.05,4.36,-2.34,7.93,4.05,-0.34,6.19,4.39,-2.35,7.89,4.14,-0.19,6.23,4.5,-2.14,6.92,4.41,0.51,6.48,4.43,-0.51,6.86,2.86,0.70,6.97,2.88,-0.51,6.66,1.14,1.25,6.81,1.13,-0.09,6.48,0.85,1.27,6.65,0.84,-0.10,7.33,0.9,0.87,7.59,0.8,-0.68,
7.42,7.54,-1.35,7.38,7.68,-1.25,7.38,7.68,-1.25,7.38,7.68,-1.25,7.31,7.67,-1.41,7.26,7.67,-1.42,7.21,7.66,-1.42,7.22,7.6,-0.66,6.99,7.58,-1.33,7.41,7.37,-1.11,7.33,7.35,-1.33,7.33,6.45,0.11,6.43,6.74,-1.45,7.3,5.26,0.47,5.78,5.69,-1.74,7.76,4.34,-0.01,6.07,4.7,-2.08,7.9,4.05,-0.06,6.04,4.36,-2.29,7.93,4.09,-0.27,6.17,4.39,-2.31,7.87,4.17,-0.11,6.22,4.5,-2.09,6.86,4.42,0.52,6.43,4.45,-0.52,6.84,2.88,0.60,6.91,2.87,-0.46,6.66,1.16,1.10,6.68,1.12,0.05,6.49,0.86,1.11,6.51,0.82,0.07,7.34,0.9,0.70,7.4,0.8,-0.51,
7.37,7.55,-1.29,7.32,7.69,-1.20,7.33,7.69,-1.20,7.33,7.69,-1.20,7.26,7.68,-1.35,7.21,7.68,-1.35,7.15,7.67,-1.35,7.16,7.61,-0.62,6.94,7.6,-1.30,7.36,7.37,-1.06,7.28,7.36,-1.27,7.28,6.45,0.13,6.39,6.75,-1.43,7.23,5.27,0.50,5.77,5.7,-1.67,7.71,4.34,0.01,6.07,4.69,-1.94,7.85,4.09,-0.04,6.02,4.35,-2.13,7.9,4.13,-0.24,6.14,4.36,-2.16,7.84,4.2,-0.08,6.2,4.46,-1.95,6.83,4.43,0.51,6.41,4.45,-0.51,6.83,2.9,0.59,6.86,2.87,-0.44,6.62,1.17,1.08,6.59,1.12,0.12,6.46,0.87,1.10,6.4,0.8,0.14,7.34,0.89,0.69,7.31,0.8,-0.41,
7.31,7.55,-1.17,7.26,7.69,-1.07,7.27,7.69,-1.07,7.27,7.69,-1.07,7.2,7.69,-1.23,7.16,7.68,-1.23,7.1,7.68,-1.23,7.1,7.62,-0.52,6.88,7.61,-1.24,7.3,7.38,-0.94,7.22,7.36,-1.15,7.2,6.46,0.18,6.34,6.76,-1.40,7.16,5.27,0.54,5.77,5.69,-1.71,7.63,4.38,0.08,6.05,4.66,-2.04,7.76,4.13,0.03,6.0,4.34,-2.25,7.82,4.18,-0.16,6.13,4.34,-2.27,7.77,4.26,-0.01,6.18,4.43,-2.05,6.79,4.43,0.51,6.39,4.45,-0.51,6.77,2.88,0.57,6.78,2.86,-0.42,6.53,1.16,1.03,6.45,1.12,0.08,6.36,0.87,1.04,6.26,0.8,0.09,7.31,0.89,0.63,7.18,0.8,-0.47,
7.25,7.56,-1.13,7.2,7.7,-1.04,7.2,7.7,-1.04,7.2,7.7,-1.04,7.13,7.7,-1.20,7.09,7.69,-1.20,7.04,7.68,-1.20,7.03,7.62,-0.49,6.81,7.62,-1.21,7.24,7.39,-0.91,7.16,7.38,-1.12,7.12,6.47,0.20,6.31,6.76,-1.39,7.08,5.27,0.53,5.76,5.69,-1.75,7.53,4.43,0.08,6.03,4.64,-2.13,7.66,4.16,0.03,5.98,4.31,-2.35,7.72,4.22,-0.16,6.12,4.32,-2.37,7.65,4.32,-0.01,6.17,4.41,-2.14,6.74,4.42,0.51,6.35,4.45,-0.51,6.64,2.87,0.63,6.72,2.85,-0.36,6.39,1.17,1.18,6.34,1.12,0.18,6.2,0.89,1.19,6.13,0.81,0.20,7.09,0.88,0.79,7.01,0.8,-0.35,
7.19,7.58,-1.10,7.12,7.72,-1.01,7.12,7.72,-1.01,7.12,7.71,-1.01,7.06,7.71,-1.16,7.02,7.71,-1.16,6.97,7.7,-1.16,6.96,7.63,-0.47,6.75,7.62,-1.19,7.18,7.41,-0.88,7.09,7.4,-1.09,7.05,6.47,0.20,6.26,6.76,-1.38,7.01,5.27,0.52,5.73,5.66,-1.71,7.44,4.45,0.07,6.02,4.6,-1.99,7.56,4.19,0.01,5.98,4.29,-2.20,7.61,4.25,-0.18,6.12,4.3,-2.22,7.54,4.35,-0.02,6.16,4.39,-2.00,6.74,4.39,0.51,6.32,4.43,-0.51,6.62,2.83,0.66,6.64,2.83,-0.32,6.35,1.17,1.24,6.05,1.16,0.34,6.26,0.9,1.26,5.83,0.88,0.37,7.03,0.83,0.85,6.58,0.8,-0.17,
7.12,7.6,-0.96,7.04,7.74,-0.88,7.04,7.74,-0.88,7.04,7.73,-0.88,6.99,7.73,-1.06,6.95,7.73,-1.06,6.91,7.72,-1.06,6.87,7.64,-0.41,6.7,7.63,-1.19,7.11,7.43,-0.77,7.03,7.42,-1.00,6.95,6.51,0.19,6.23,6.76,-1.41,6.94,5.28,0.51,5.71,5.65,-1.69,7.35,4.45,0.12,5.98,4.58,-1.87,7.47,4.19,0.07,5.95,4.28,-2.07,7.5,4.24,-0.11,6.09,4.29,-2.09,7.44,4.34,0.03,6.13,4.38,-1.87,6.7,4.38,0.51,6.32,4.4,-0.51,6.57,2.78,0.81,6.58,2.78,-0.20,6.37,1.17,1.43,6.0,1.25,0.52,6.15,0.91,1.46,5.76,0.93,0.56,7.07,0.82,1.11,6.47,0.8,0.08,
7.06,7.62,-0.94,6.98,7.75,-0.86,6.98,7.75,-0.86,6.97,7.75,-0.86,6.93,7.75,-1.04,6.89,7.75,-1.04,6.86,7.74,-1.04,6.8,7.65,-0.40,6.65,7.64,-1.21,7.04,7.45,-0.75,6.97,7.44,-0.99,6.86,6.52,0.19,6.17,6.75,-1.46,6.86,5.28,0.50,5.7,5.6,-1.69,7.25,4.45,0.10,5.95,4.52,-1.79,7.38,4.17,0.05,5.92,4.22,-1.99,7.4,4.21,-0.13,6.07,4.23,-2.01,7.34,4.31,0.01,6.11,4.32,-1.79,6.65,4.37,0.50,6.31,4.38,-0.51,6.52,2.75,0.81,6.46,2.72,-0.17,6.44,1.14,1.43,5.63,1.23,0.59,6.19,0.89,1.46,5.43,0.93,0.64,7.19,0.8,1.09,6.15,0.76,0.12,
6.99,7.62,-0.90,6.91,7.76,-0.82,6.91,7.76,-0.82,6.91,7.76,-0.82,6.87,7.76,-1.01,6.83,7.76,-1.01,6.79,7.75,-1.01,6.73,7.66,-0.36,6.58,7.64,-1.21,6.97,7.45,-0.71,6.91,7.45,-0.95,6.79,6.53,0.24,6.11,6.74,-1.47,6.77,5.29,0.55,5.67,5.56,-1.68,7.15,4.43,0.20,5.94,4.49,-1.72,7.29,4.13,0.15,5.92,4.19,-1.92,7.3,4.16,-0.02,6.07,4.19,-1.94,7.24,4.26,0.11,6.11,4.29,-1.73,6.61,4.33,0.51,6.3,4.33,-0.51,6.5,2.72,0.83,6.26,2.68,-0.20,6.5,1.12,1.49,5.44,1.23,0.57,6.35,0.86,1.53,5.17,0.92,0.61,7.26,0.79,1.16,6.08,0.75,0.07,
6.95,7.62,-0.87,6.87,7.76,-0.79,6.86,7.76,-0.80,6.86,7.76,-0.79,6.82,7.76,-0.98,6.79,7.76,-0.98,6.74,7.75,-0.98,6.68,7.66,-0.33,6.53,7.65,-1.20,6.92,7.45,-0.68,6.86,7.45,-0.93,6.72,6.55,0.27,6.05,6.73,-1.46,6.71,5.29,0.61,5.65,5.52,-1.68,7.08,4.41,0.28,5.94,4.46,-1.70,7.2,4.09,0.23,5.91,4.16,-1.91,7.21,4.11,0.06,6.06,4.17,-1.93,7.15,4.21,0.19,6.1,4.26,-1.71,6.59,4.28,0.51,6.23,4.29,-0.51,6.55,2.68,0.89,6.03,2.64,-0.15,6.56,1.1,1.63,5.35,1.21,0.69,6.41,0.84,1.67,5.11,0.92,0.74,7.32,0.79,1.29,6.04,0.74,0.17,
6.89,7.62,-0.93,6.8,7.76,-0.86,6.8,7.76,-0.86,6.79,7.76,-0.86,6.76,7.76,-1.04,6.72,7.76,-1.04,6.68,7.75,-1.04,6.61,7.67,-0.38,6.47,7.65,-1.22,6.86,7.45,-0.74,6.8,7.45,-0.98,6.66,6.57,0.24,5.99,6.73,-1.49,6.59,5.31,0.58,5.62,5.49,-1.69,6.97,4.37,0.26,5.94,4.4,-1.74,7.09,4.04,0.20,5.92,4.09,-1.94,7.11,4.05,0.03,6.07,4.1,-1.97,7.05,4.16,0.17,6.1,4.19,-1.75,6.58,4.25,0.51,6.18,4.25,-0.51,6.57,2.67,0.89,5.92,2.63,-0.05,6.59,1.09,1.63,5.33,1.18,0.88,6.43,0.82,1.68,5.11,0.88,0.94,7.34,0.79,1.27,6.05,0.74,0.36,
6.82,7.62,-0.94,6.73,7.76,-0.87,6.73,7.76,-0.87,6.72,7.76,-0.87,6.69,7.76,-1.05,6.65,7.76,-1.05,6.61,7.75,-1.05,6.54,7.67,-0.40,6.4,7.65,-1.23,6.79,7.45,-0.75,6.73,7.45,-0.99,6.59,6.59,0.23,5.93,6.72,-1.49,6.49,5.32,0.57,5.58,5.45,-1.69,6.86,4.34,0.27,5.94,4.37,-1.73,6.97,4.0,0.22,5.92,4.07,-1.94,7.0,4.0,0.05,6.07,4.08,-1.96,6.93,4.12,0.18,6.1,4.18,-1.74,6.53,4.23,0.51,6.11,4.22,-0.51,6.57,2.65,0.87,5.82,2.61,0.00,6.6,1.08,1.61,5.31,1.14,0.99,6.45,0.79,1.66,5.11,0.85,1.05,7.36,0.79,1.23,6.03,0.74,0.48,
6.77,7.62,-0.94,6.67,7.76,-0.86,6.67,7.76,-0.86,6.66,7.76,-0.86,6.63,7.76,-1.04,6.6,7.76,-1.04,6.55,7.75,-1.04,6.48,7.67,-0.38,6.34,7.65,-1.20,6.73,7.45,-0.74,6.67,7.45,-0.98,6.5,6.63,0.28,5.87,6.72,-1.47,6.32,5.37,0.60,5.55,5.45,-1.63,6.57,4.35,0.25,5.93,4.37,-1.61,6.68,4.01,0.19,5.91,4.07,-1.80,6.72,4.02,0.03,6.06,4.08,-1.83,6.65,4.13,0.16,6.09,4.17,-1.61,6.47,4.23,0.51,6.01,4.21,-0.51,6.53,2.65,0.86,5.76,2.6,-0.02,6.6,1.08,1.57,5.29,1.11,0.97,6.45,0.79,1.61,5.1,0.81,1.04,7.36,0.79,1.19,6.04,0.74,0.45,
6.7,7.62,-0.96,6.61,7.76,-0.88,6.61,7.76,-0.88,6.6,7.76,-0.88,6.57,7.76,-1.06,6.53,7.76,-1.06,6.49,7.75,-1.06,6.42,7.67,-0.39,6.28,7.65,-1.21,6.67,7.45,-0.76,6.61,7.45,-0.99,6.44,6.64,0.26,5.81,6.72,-1.49,6.25,5.38,0.60,5.53,5.4,-1.64,6.43,4.35,0.22,5.9,4.32,-1.63,6.55,4.0,0.16,5.89,4.02,-1.82,6.58,4.01,0.00,6.04,4.02,-1.85,6.51,4.12,0.13,6.07,4.11,-1.63,6.38,4.23,0.51,5.91,4.2,-0.51,6.49,2.64,0.89,5.7,2.6,-0.02,6.6,1.07,1.63,5.29,1.08,0.96,6.46,0.78,1.67,5.09,0.79,1.02,7.35,0.79,1.23,6.02,0.74,0.43,
6.64,7.62,-0.94,6.55,7.76,-0.86,6.55,7.77,-0.86,6.54,7.77,-0.86,6.51,7.76,-1.04,6.48,7.76,-1.04,6.43,7.76,-1.04,6.36,7.68,-0.40,6.22,7.66,-1.21,6.61,7.45,-0.75,6.55,7.45,-0.98,6.38,6.66,0.26,5.74,6.72,-1.50,6.2,5.38,0.56,5.48,5.39,-1.67,6.4,4.32,0.21,5.86,4.26,-1.66,6.5,3.97,0.15,5.85,3.96,-1.86,6.56,3.97,-0.01,6.02,3.96,-1.89,6.49,4.07,0.12,6.04,4.06,-1.67,6.31,4.23,0.51,5.84,4.21,-0.51,6.43,2.64,0.89,5.65,2.6,-0.06,6.6,1.07,1.64,5.27,1.06,0.84,6.48,0.78,1.69,5.07,0.76,0.90,7.36,0.79,1.26,5.97,0.72,0.32,
6.59,7.62,-0.93,6.5,7.77,-0.85,6.49,7.77,-0.85,6.48,7.77,-0.85,6.45,7.77,-1.03,6.42,7.76,-1.03,6.38,7.76,-1.03,6.3,7.68,-0.40,6.16,7.66,-1.22,6.55,7.45,-0.74,6.49,7.45,-0.98,6.33,6.66,0.25,5.68,6.72,-1.52,6.14,5.38,0.53,5.44,5.38,-1.70,6.33,4.31,0.19,5.84,4.23,-1.65,6.41,3.96,0.12,5.83,3.93,-1.84,6.5,3.95,-0.02,6.0,3.93,-1.87,6.41,4.06,0.10,6.02,4.02,-1.66,6.23,4.23,0.51,5.75,4.21,-0.51,6.34,2.64,0.88,5.64,2.6,-0.07,6.59,1.07,1.61,5.27,1.04,0.80,6.48,0.78,1.65,5.08,0.73,0.85,7.36,0.8,1.23,5.93,0.71,0.28,
6.53,7.63,-0.91,6.44,7.77,-0.84,6.43,7.77,-0.84,6.42,7.77,-0.84,6.4,7.77,-1.02,6.36,7.77,-1.02,6.32,7.76,-1.02,6.23,7.69,-0.39,6.11,7.67,-1.22,6.5,7.45,-0.72,6.44,7.45,-0.96,6.26,6.67,0.25,5.61,6.72,-1.53,6.1,5.39,0.53,5.42,5.37,-1.73,6.28,4.32,0.18,5.81,4.19,-1.68,6.37,3.96,0.12,5.82,3.89,-1.87,6.41,3.94,-0.02,5.98,3.88,-1.90,6.35,4.06,0.10,5.99,3.99,-1.68,6.17,4.23,0.52,5.68,4.22,-0.52,6.3,2.64,0.89,5.64,2.61,-0.10,6.55,1.07,1.63,5.27,1.03,0.75,6.47,0.78,1.67,5.09,0.73,0.80,7.36,0.8,1.26,5.89,0.69,0.23,
6.48,7.63,-0.92,6.39,7.77,-0.85,6.38,7.77,-0.85,6.37,7.77,-0.85,6.35,7.77,-1.03,6.31,7.77,-1.03,6.27,7.77,-1.03,6.18,7.69,-0.40,6.05,7.67,-1.24,6.45,7.45,-0.73,6.39,7.45,-0.97,6.21,6.67,0.23,5.55,6.7,-1.55,6.05,5.39,0.47,5.41,5.34,-1.72,6.22,4.34,0.12,5.82,4.17,-1.55,6.28,3.98,0.05,5.83,3.88,-1.72,6.31,3.97,-0.08,5.98,3.88,-1.74,6.28,4.06,0.04,5.99,3.98,-1.55,6.1,4.23,0.52,5.6,4.22,-0.52,6.25,2.64,0.89,5.6,2.59,-0.14,6.51,1.08,1.61,5.26,1.03,0.69,6.42,0.79,1.65,5.09,0.72,0.74,7.31,0.82,1.25,5.88,0.69,0.18,
6.43,7.63,-0.93,6.33,7.77,-0.86,6.32,7.78,-0.86,6.31,7.78,-0.86,6.29,7.77,-1.04,6.26,7.77,-1.04,6.22,7.77,-1.04,6.12,7.69,-0.41,6.0,7.67,-1.26,6.39,7.45,-0.74,6.33,7.45,-0.98,6.12,6.67,0.21,5.52,6.68,-1.57,6.0,5.39,0.46,5.4,5.33,-1.72,6.17,4.36,0.12,5.82,4.14,-1.57,6.24,4.0,0.06,5.83,3.85,-1.74,6.28,3.99,-0.08,5.99,3.86,-1.77,6.24,4.09,0.04,6.0,3.96,-1.57,6.06,4.24,0.52,5.56,4.22,-0.52,6.22,2.64,0.89,5.63,2.59,-0.10,6.47,1.09,1.61,5.27,1.03,0.80,6.35,0.82,1.65,5.09,0.73,0.86,7.27,0.87,1.26,5.86,0.69,0.33,
6.39,7.64,-0.94,6.29,7.78,-0.87,6.28,7.78,-0.87,6.26,7.78,-0.87,6.25,7.78,-1.06,6.22,7.78,-1.06,6.18,7.77,-1.06,6.07,7.7,-0.45,5.95,7.68,-1.31,6.35,7.46,-0.76,6.29,7.46,-1.00,6.05,6.68,0.17,5.48,6.67,-1.61,5.98,5.39,0.45,5.42,5.31,-1.78,6.16,4.36,0.12,5.83,4.1,-1.59,6.23,4.0,0.06,5.83,3.81,-1.74,6.27,3.99,-0.07,5.99,3.81,-1.79,6.24,4.09,0.04,6.0,3.92,-1.59,6.04,4.26,0.52,5.54,4.22,-0.52,6.21,2.66,0.93,5.6,2.59,-0.08,6.39,1.11,1.71,5.27,1.04,0.82,6.26,0.84,1.76,5.09,0.73,0.88,7.19,0.91,1.39,5.83,0.69,0.35,
6.35,7.64,-0.92,6.25,7.78,-0.85,6.24,7.78,-0.85,6.23,7.79,-0.85,6.22,7.78,-1.04,6.18,7.78,-1.04,6.14,7.77,-1.04,6.03,7.71,-0.44,5.92,7.68,-1.29,6.31,7.46,-0.74,6.26,7.46,-0.99,5.98,6.69,0.17,5.46,6.67,-1.59,5.94,5.41,0.45,5.43,5.3,-1.77,6.13,4.47,0.19,5.85,4.13,-1.62,6.23,4.12,0.15,5.89,3.84,-1.79,6.26,4.1,0.02,6.02,3.84,-1.82,6.23,4.19,0.12,6.02,3.95,-1.62,5.97,4.28,0.52,5.54,4.23,-0.52,6.16,2.7,0.93,5.59,2.59,-0.05,6.23,1.13,1.69,5.28,1.04,0.85,6.11,0.87,1.73,5.12,0.74,0.91,6.97,0.92,1.37,5.88,0.69,0.40,
6.3,7.64,-0.94,6.2,7.78,-0.89,6.19,7.78,-0.89,6.18,7.79,-0.89,6.17,7.78,-1.08,6.13,7.78,-1.08,6.09,7.77,-1.08,5.97,7.71,-0.48,5.87,7.68,-1.33,6.26,7.46,-0.77,6.21,7.46,-1.02,5.92,6.7,0.13,5.43,6.67,-1.61,5.94,5.42,0.42,5.44,5.28,-1.80,6.18,4.47,0.17,5.92,4.15,-1.67,6.3,4.13,0.14,5.97,3.84,-1.84,6.34,4.12,0.00,6.08,3.86,-1.87,6.29,4.22,0.10,6.08,3.96,-1.68,5.96,4.29,0.51,5.51,4.23,-0.51,6.11,2.74,0.93,5.58,2.61,-0.03,6.04,1.16,1.72,5.3,1.04,0.84,5.86,0.89,1.77,5.16,0.75,0.89,6.65,0.92,1.41,5.9,0.74,0.37,
6.24,7.63,-0.96,6.15,7.78,-0.90,6.14,7.78,-0.90,6.13,7.79,-0.90,6.12,7.78,-1.09,6.08,7.78,-1.09,6.04,7.77,-1.09,5.92,7.71,-0.49,5.82,7.68,-1.35,6.2,7.46,-0.78,6.15,7.46,-1.03,5.89,6.71,0.13,5.39,6.66,-1.64,5.98,5.44,0.43,5.49,5.27,-1.85,6.2,4.5,0.13,6.02,4.17,-1.85,6.34,4.19,0.09,6.06,3.88,-2.05,6.37,4.18,-0.05,6.18,3.92,-2.08,6.33,4.3,0.05,6.18,4.01,-1.86,5.91,4.3,0.51,5.47,4.23,-0.51,6.02,2.77,0.95,5.57,2.65,-0.02,5.73,1.17,1.75,5.35,1.05,0.82,5.52,0.9,1.81,5.24,0.77,0.87,6.35,0.92,1.45,5.97,0.76,0.35,
6.19,7.64,-0.97,6.1,7.78,-0.91,6.09,7.78,-0.91,6.07,7.79,-0.91,6.07,7.78,-1.11,6.04,7.78,-1.11,6.0,7.78,-1.11,5.87,7.71,-0.50,5.78,7.69,-1.39,6.14,7.46,-0.79,6.1,7.46,-1.05,5.81,6.71,0.14,5.36,6.66,-1.72,6.0,5.44,0.44,5.56,5.27,-1.97,6.33,4.49,0.07,6.14,4.22,-2.01,6.49,4.18,0.01,6.22,3.92,-2.23,6.45,4.2,-0.14,6.34,3.98,-2.25,6.4,4.31,-0.02,6.33,4.06,-2.01,5.86,4.31,0.52,5.46,4.23,-0.52,5.95,2.8,0.98,5.58,2.7,-0.04,5.58,1.18,1.80,5.38,1.08,0.80,5.39,0.91,1.85,5.26,0.81,0.84,6.18,0.91,1.50,6.03,0.76,0.33,
6.14,7.63,-0.99,6.06,7.78,-0.93,6.04,7.78,-0.93,6.03,7.79,-0.93,6.02,7.78,-1.13,5.99,7.78,-1.13,5.95,7.78,-1.13,5.82,7.71,-0.51,5.73,7.69,-1.42,6.1,7.46,-0.81,6.05,7.46,-1.07,5.77,6.73,0.15,5.34,6.66,-1.77,6.01,5.48,0.45,5.63,5.27,-2.03,6.46,4.56,0.05,6.25,4.32,-2.08,6.59,4.28,0.00,6.37,4.03,-2.31,6.58,4.31,-0.16,6.49,4.1,-2.32,6.52,4.41,-0.04,6.46,4.19,-2.08,5.88,4.33,0.54,5.46,4.25,-0.54,5.93,2.81,1.02,5.52,2.72,-0.05,5.49,1.23,1.87,5.36,1.1,0.79,5.33,0.96,1.93,5.22,0.82,0.84,6.08,0.91,1.58,6.01,0.76,0.32,
6.08,7.63,-0.99,6.0,7.78,-0.92,5.99,7.78,-0.93,5.98,7.79,-0.93,5.97,7.78,-1.13,5.93,7.78,-1.13,5.89,7.78,-1.13,5.78,7.71,-0.50,5.68,7.69,-1.41,6.04,7.46,-0.81,6.0,7.46,-1.06,5.73,6.74,0.23,5.34,6.66,-1.77,6.02,5.49,0.53,5.72,5.28,-2.03,6.57,4.61,0.07,6.42,4.39,-2.09,6.71,4.37,0.01,6.52,4.09,-2.34,6.72,4.39,-0.14,6.62,4.15,-2.33,6.66,4.49,-0.01,6.6,4.25,-2.09,5.82,4.34,0.57,5.45,4.26,-0.57,5.87,2.8,1.09,5.49,2.71,-0.05,5.39,1.25,1.98,5.28,1.08,0.79,5.24,0.99,2.04,5.13,0.8,0.84,5.99,0.9,1.71,5.97,0.77,0.32,
6.04,7.63,-0.90,5.96,7.78,-0.84,5.95,7.78,-0.84,5.93,7.79,-0.84,5.93,7.78,-1.04,5.89,7.78,-1.04,5.86,7.78,-1.04,5.74,7.71,-0.43,5.64,7.69,-1.36,6.0,7.46,-0.72,5.96,7.46,-0.99,5.68,6.74,0.29,5.33,6.67,-1.74,6.02,5.51,0.60,5.77,5.33,-1.96,6.65,4.68,0.20,6.49,4.49,-1.99,6.82,4.43,0.16,6.62,4.16,-2.22,6.85,4.43,-0.01,6.72,4.23,-2.22,6.78,4.52,0.11,6.69,4.33,-1.99,5.71,4.34,0.56,5.46,4.26,-0.56,5.7,2.78,1.09,5.52,2.69,-0.06,5.22,1.24,1.93,5.22,1.07,0.79,5.03,0.98,1.99,5.05,0.8,0.83,5.82,0.9,1.65,5.94,0.76,0.32,
6.0,7.63,-0.82,5.91,7.78,-0.75,5.9,7.78,-0.75,5.88,7.79,-0.75,5.88,7.78,-0.96,5.85,7.78,-0.96,5.81,7.77,-0.96,5.69,7.71,-0.34,5.6,7.69,-1.27,5.95,7.46,-0.64,5.91,7.45,-0.90,5.62,6.74,0.35,5.31,6.67,-1.67,6.02,5.56,0.66,5.81,5.42,-1.95,6.66,4.81,0.30,6.63,4.66,-1.96,6.87,4.51,0.27,6.78,4.33,-2.17,6.9,4.49,0.10,6.88,4.39,-2.18,6.84,4.6,0.20,6.85,4.49,-1.99,5.67,4.33,0.56,5.43,4.26,-0.56,5.62,2.76,1.09,5.5,2.69,-0.06,5.17,1.24,1.93,5.19,1.07,0.79,4.98,0.97,1.99,5.0,0.8,0.84,5.72,0.9,1.66,5.91,0.76,0.35,
5.95,7.63,-0.81,5.86,7.78,-0.74,5.84,7.78,-0.74,5.83,7.79,-0.74,5.83,7.78,-0.95,5.8,7.78,-0.95,5.76,7.77,-0.95,5.64,7.71,-0.32,5.56,7.69,-1.25,5.9,7.46,-0.63,5.86,7.45,-0.89,5.58,6.74,0.39,5.29,6.67,-1.65,6.02,5.62,0.67,5.87,5.46,-1.94,6.78,4.89,0.27,6.86,4.76,-1.92,7.01,4.58,0.24,7.01,4.45,-2.16,7.04,4.56,0.07,7.09,4.49,-2.10,6.99,4.66,0.18,7.05,4.58,-1.91,5.6,4.31,0.58,5.39,4.25,-0.58,5.53,2.74,1.17,5.48,2.68,-0.05,5.16,1.21,2.07,5.17,1.06,0.84,4.98,0.94,2.14,4.98,0.78,0.91,5.8,0.9,1.82,5.91,0.76,0.44,
5.91,7.63,-0.71,5.81,7.78,-0.64,5.8,7.78,-0.64,5.79,7.79,-0.64,5.79,7.78,-0.85,5.76,7.78,-0.85,5.72,7.78,-0.85,5.59,7.72,-0.21,5.52,7.69,-1.15,5.86,7.46,-0.53,5.82,7.45,-0.80,5.5,6.74,0.52,5.29,6.68,-1.59,5.97,5.64,0.73,5.96,5.56,-1.80,6.86,4.96,0.27,7.02,4.89,-1.65,7.06,4.67,0.24,7.18,4.63,-1.87,7.11,4.67,0.07,7.25,4.66,-1.82,7.06,4.78,0.17,7.2,4.73,-1.62,5.5,4.31,0.62,5.38,4.25,-0.62,5.44,2.69,1.28,5.43,2.66,-0.04,5.16,1.15,2.22,5.14,1.05,0.91,4.99,0.88,2.29,4.95,0.75,0.99,5.89,0.87,1.98,5.9,0.76,0.53,
5.86,7.63,-0.63,5.77,7.78,-0.56,5.76,7.79,-0.56,5.74,7.79,-0.56,5.74,7.78,-0.77,5.71,7.78,-0.77,5.67,7.78,-0.77,5.54,7.72,-0.13,5.48,7.69,-1.07,5.82,7.46,-0.45,5.78,7.46,-0.72,5.43,6.73,0.60,5.29,6.69,-1.53,5.91,5.66,0.77,6.06,5.65,-1.70,6.94,5.1,0.26,7.16,5.08,-1.48,7.15,4.86,0.22,7.33,4.83,-1.70,7.18,4.85,0.05,7.39,4.85,-1.63,7.13,4.92,0.16,7.35,4.91,-1.45,5.43,4.3,0.64,5.36,4.25,-0.64,5.39,2.68,1.31,5.39,2.65,-0.03,5.15,1.13,2.23,5.13,1.04,0.92,4.98,0.86,2.30,4.93,0.73,0.98,5.89,0.85,1.99,5.91,0.75,0.52,
5.82,7.64,-0.55,5.73,7.79,-0.48,5.71,7.79,-0.48,5.7,7.79,-0.48,5.7,7.78,-0.69,5.67,7.78,-0.69,5.64,7.78,-0.69,5.5,7.72,-0.07,5.45,7.7,-1.01,5.78,7.46,-0.37,5.74,7.46,-0.64,5.34,6.74,0.62,5.28,6.7,-1.48,5.65,5.6,0.78,6.11,5.75,-1.63,5.98,4.83,0.28,7.22,5.3,-1.29,6.02,4.67,0.24,7.45,5.03,-1.48,6.05,4.79,0.10,7.52,5.04,-1.42,6.05,4.9,0.20,7.44,5.13,-1.26,5.37,4.31,0.64,5.35,4.25,-0.64,5.34,2.68,1.27,5.37,2.65,-0.04,5.14,1.12,2.16,5.13,1.04,0.91,4.97,0.85,2.22,4.94,0.72,0.97,5.88,0.84,1.93,5.91,0.73,0.48,
5.79,7.64,-0.55,5.69,7.79,-0.47,5.68,7.8,-0.47,5.66,7.8,-0.47,5.67,7.79,-0.68,5.64,7.79,-0.68,5.6,7.79,-0.68,5.47,7.73,-0.05,5.42,7.71,-1.00,5.74,7.47,-0.36,5.71,7.47,-0.64,5.29,6.74,0.66,5.28,6.71,-1.46,5.72,5.65,0.86,6.16,5.82,-1.65,6.74,5.36,0.40,7.31,5.47,-1.43,6.48,5.03,0.38,7.55,5.2,-1.64,6.82,5.21,0.21,7.63,5.23,-1.55,6.9,5.3,0.31,7.54,5.31,-1.39,5.33,4.34,0.64,5.34,4.28,-0.64,5.3,2.68,1.24,5.36,2.67,-0.08,5.12,1.11,2.09,5.13,1.03,0.77,4.96,0.84,2.16,4.95,0.71,0.83,5.87,0.84,1.85,5.92,0.73,0.38,
5.76,7.65,-0.56,5.66,7.79,-0.49,5.65,7.8,-0.49,5.64,7.8,-0.49,5.64,7.79,-0.70,5.61,7.79,-0.70,5.57,7.79,-0.70,5.44,7.73,-0.06,5.39,7.71,-1.02,5.71,7.47,-0.38,5.68,7.47,-0.66,5.28,6.74,0.67,5.25,6.73,-1.47,5.99,5.85,0.92,6.23,5.9,-1.70,7.26,5.56,0.46,7.4,5.63,-1.53,7.51,5.37,0.44,7.66,5.38,-1.73,7.57,5.42,0.26,7.73,5.45,-1.69,7.47,5.49,0.36,7.63,5.52,-1.51,5.31,4.35,0.64,5.34,4.3,-0.64,5.26,2.68,1.24,5.35,2.67,-0.08,5.1,1.1,2.08,5.13,1.03,0.76,4.95,0.83,2.15,4.96,0.71,0.82,5.85,0.84,1.82,5.92,0.73,0.36,
5.74,7.65,-0.52,5.64,7.8,-0.45,5.63,7.8,-0.45,5.61,7.8,-0.45,5.62,7.8,-0.67,5.59,7.8,-0.67,5.55,7.8,-0.67,5.41,7.73,-0.02,5.36,7.71,-1.00,5.69,7.47,-0.34,5.66,7.47,-0.62,5.28,6.74,0.70,5.23,6.73,-1.45,6.17,5.95,0.98,6.29,5.99,-1.72,7.35,5.66,0.54,7.44,5.78,-1.56,7.65,5.53,0.53,7.72,5.58,-1.80,7.7,5.6,0.34,7.78,5.67,-1.73,7.58,5.64,0.43,7.68,5.72,-1.52,5.31,4.36,0.63,5.34,4.31,-0.63,5.24,2.67,1.23,5.33,2.67,-0.08,5.1,1.09,2.07,5.14,1.02,0.73,4.95,0.82,2.13,4.97,0.71,0.79,5.84,0.83,1.82,5.92,0.73,0.33,
5.72,7.65,-0.49,5.61,7.8,-0.42,5.6,7.8,-0.42,5.59,7.81,-0.42,5.59,7.8,-0.63,5.56,7.8,-0.63,5.52,7.8,-0.63,5.39,7.73,0.00,5.34,7.71,-0.96,5.68,7.48,-0.31,5.64,7.48,-0.58,5.29,6.75,0.71,5.22,6.74,-1.40,6.31,6.04,0.97,6.28,6.07,-1.69,7.34,5.85,0.48,7.39,5.94,-1.57,7.68,5.72,0.46,7.7,5.78,-1.80,7.72,5.83,0.27,7.76,5.92,-1.71,7.59,5.86,0.38,7.66,5.95,-1.53,5.3,4.39,0.63,5.33,4.33,-0.63,5.22,2.67,1.16,5.32,2.68,-0.14,5.09,1.08,1.89,5.14,1.02,0.57,4.94,0.81,1.94,4.97,0.71,0.61,5.84,0.83,1.61,5.92,0.73,0.15,
5.7,7.66,-0.49,5.59,7.81,-0.42,5.58,7.81,-0.42,5.57,7.81,-0.42,5.57,7.8,-0.63,5.54,7.8,-0.63,5.5,7.8,-0.63,5.37,7.73,-0.00,5.31,7.71,-0.95,5.66,7.48,-0.31,5.62,7.48,-0.59,5.3,6.75,0.69,5.21,6.75,-1.38,6.41,6.13,0.91,6.35,6.11,-1.65,7.44,6.01,0.41,7.45,6.03,-1.53,7.76,5.96,0.36,7.78,5.96,-1.77,7.8,6.04,0.16,7.81,6.08,-1.67,7.69,6.04,0.29,7.72,6.09,-1.49,5.3,4.4,0.63,5.32,4.34,-0.63,5.21,2.67,1.12,5.29,2.68,-0.15,5.09,1.08,1.84,5.14,1.02,0.55,4.94,0.81,1.89,4.97,0.7,0.59,5.83,0.83,1.55,5.92,0.73,0.13,
5.68,7.66,-0.48,5.58,7.81,-0.40,5.56,7.81,-0.40,5.55,7.81,-0.40,5.55,7.81,-0.62,5.52,7.81,-0.62,5.48,7.81,-0.62,5.35,7.73,0.01,5.29,7.71,-0.94,5.64,7.48,-0.29,5.6,7.48,-0.57,5.31,6.75,0.69,5.18,6.76,-1.37,6.45,6.17,0.95,6.34,6.18,-1.67,7.46,6.1,0.45,7.42,6.15,-1.71,7.76,6.12,0.42,7.76,6.12,-1.97,7.81,6.2,0.21,7.79,6.24,-1.86,7.7,6.19,0.34,7.69,6.23,-1.67,5.32,4.42,0.63,5.32,4.35,-0.63,5.21,2.68,1.10,5.28,2.69,-0.18,5.1,1.08,1.82,5.14,1.02,0.49,4.95,0.81,1.87,4.98,0.7,0.53,5.83,0.82,1.53,5.93,0.73,0.06,
5.66,7.66,-0.47,5.55,7.81,-0.40,5.54,7.81,-0.40,5.53,7.81,-0.40,5.53,7.81,-0.61,5.5,7.81,-0.61,5.46,7.81,-0.61,5.32,7.73,0.03,5.27,7.71,-0.94,5.62,7.48,-0.29,5.58,7.48,-0.57,5.3,6.75,0.72,5.16,6.76,-1.39,6.44,6.2,1.02,6.35,6.23,-1.74,7.47,6.19,0.55,7.45,6.29,-1.82,7.76,6.23,0.53,7.78,6.29,-2.09,7.79,6.31,0.32,7.79,6.41,-1.97,7.69,6.28,0.44,7.7,6.39,-1.78,5.31,4.42,0.63,5.32,4.35,-0.63,5.19,2.68,1.10,5.27,2.69,-0.17,5.09,1.08,1.85,5.14,1.02,0.54,4.94,0.81,1.90,4.98,0.7,0.58,5.83,0.82,1.58,5.93,0.72,0.10,
5.64,7.66,-0.48,5.53,7.81,-0.41,5.52,7.81,-0.41,5.51,7.81,-0.41,5.51,7.81,-0.62,5.48,7.81,-0.62,5.44,7.81,-0.62,5.3,7.73,0.03,5.25,7.71,-0.95,5.6,7.48,-0.30,5.57,7.48,-0.58,5.3,6.73,0.72,5.14,6.76,-1.40,6.43,6.22,1.05,6.34,6.28,-1.93,7.49,6.26,0.62,7.47,6.4,-2.17,7.76,6.32,0.60,7.8,6.46,-2.47,7.79,6.39,0.39,7.81,6.57,-2.34,7.7,6.36,0.51,7.72,6.54,-2.13,5.31,4.41,0.63,5.31,4.35,-0.63,5.18,2.68,1.12,5.27,2.69,-0.16,5.08,1.08,1.88,5.14,1.02,0.55,4.93,0.81,1.93,4.98,0.7,0.59,5.82,0.82,1.59,5.93,0.72,0.10,
5.63,7.66,-0.49,5.52,7.81,-0.42,5.51,7.81,-0.42,5.49,7.81,-0.42,5.5,7.81,-0.63,5.47,7.81,-0.63,5.43,7.81,-0.63,5.29,7.73,0.03,5.23,7.71,-0.95,5.59,7.48,-0.30,5.55,7.48,-0.59,5.28,6.72,0.72,5.12,6.76,-1.40,6.42,6.23,1.07,6.34,6.31,-1.95,7.48,6.31,0.66,7.48,6.49,-2.17,7.72,6.38,0.64,7.79,6.58,-2.46,7.76,6.45,0.44,7.8,6.69,-2.33,7.68,6.42,0.55,7.71,6.65,-2.13,5.31,4.41,0.64,5.31,4.35,-0.64,5.17,2.68,1.18,5.27,2.69,-0.15,5.08,1.08,1.99,5.14,1.01,0.57,4.93,0.81,2.05,4.98,0.7,0.62,5.82,0.82,1.70,5.93,0.72,0.14,
5.62,7.66,-0.50,5.51,7.81,-0.42,5.5,7.81,-0.42,5.48,7.81,-0.42,5.49,7.81,-0.64,5.46,7.81,-0.64,5.42,7.81,-0.64,5.28,7.72,0.03,5.22,7.71,-0.95,5.58,7.48,-0.31,5.54,7.48,-0.59,5.27,6.71,0.72,5.1,6.76,-1.40,6.41,6.23,1.07,6.34,6.33,-1.95,7.46,6.33,0.66,7.46,6.54,-2.18,7.7,6.41,0.64,7.78,6.63,-2.47,7.74,6.48,0.44,7.78,6.74,-2.34,7.66,6.45,0.55,7.69,6.71,-2.13,5.31,4.41,0.64,5.31,4.35,-0.64,5.16,2.68,1.19,5.26,2.69,-0.14,5.08,1.08,2.01,5.14,1.01,0.59,4.93,0.81,2.08,4.98,0.7,0.64,5.82,0.82,1.73,5.93,0.72,0.15,
5.61,7.66,-0.51,5.5,7.81,-0.43,5.49,7.81,-0.43,5.47,7.81,-0.43,5.48,7.81,-0.64,5.45,7.81,-0.64,5.41,7.81,-0.64,5.27,7.72,0.02,5.21,7.71,-0.94,5.56,7.48,-0.31,5.53,7.48,-0.59,5.27,6.7,0.71,5.08,6.76,-1.39,6.41,6.23,1.05,6.34,6.34,-1.92,7.46,6.35,0.63,7.45,6.59,-2.13,7.69,6.43,0.61,7.76,6.69,-2.42,7.73,6.5,0.41,7.77,6.81,-2.29,7.65,6.47,0.52,7.68,6.77,-2.09,5.31,4.41,0.64,5.31,4.35,-0.64,5.15,2.68,1.19,5.26,2.69,-0.14,5.08,1.07,2.01,5.14,1.0,0.60,4.93,0.81,2.08,4.98,0.69,0.64,5.82,0.82,1.73,5.93,0.72,0.16,
5.59,7.66,-0.51,5.49,7.81,-0.43,5.48,7.81,-0.43,5.46,7.81,-0.43,5.46,7.81,-0.65,5.43,7.81,-0.65,5.39,7.81,-0.65,5.26,7.72,0.02,5.19,7.7,-0.94,5.55,7.48,-0.32,5.52,7.48,-0.60,5.27,6.69,0.71,5.06,6.76,-1.39,6.41,6.24,1.05,6.33,6.35,-1.94,7.45,6.36,0.63,7.44,6.6,-2.16,7.68,6.45,0.61,7.75,6.7,-2.46,7.72,6.53,0.41,7.75,6.82,-2.33,7.64,6.49,0.53,7.67,6.78,-2.12,5.31,4.41,0.63,5.31,4.34,-0.64,5.14,2.68,1.20,5.25,2.69,-0.12,5.07,1.07,2.04,5.14,1.0,0.61,4.93,0.81,2.11,4.98,0.69,0.66,5.81,0.82,1.77,5.93,0.72,0.18,
5.58,7.66,-0.51,5.48,7.81,-0.43,5.46,7.81,-0.43,5.45,7.81,-0.43,5.45,7.81,-0.65,5.42,7.81,-0.65,5.38,7.8,-0.65,5.25,7.72,0.02,5.18,7.7,-0.95,5.54,7.48,-0.32,5.5,7.48,-0.60,5.26,6.68,0.71,5.04,6.76,-1.39,6.4,6.24,1.06,6.33,6.35,-1.97,7.44,6.37,0.65,7.43,6.61,-2.23,7.68,6.46,0.64,7.74,6.71,-2.53,7.71,6.53,0.43,7.75,6.82,-2.39,7.63,6.5,0.54,7.66,6.78,-2.18,5.3,4.4,0.64,5.3,4.34,-0.64,5.14,2.68,1.23,5.25,2.69,-0.11,5.07,1.07,2.08,5.14,0.99,0.63,4.92,0.81,2.15,4.98,0.68,0.69,5.81,0.82,1.81,5.94,0.71,0.20,
5.57,7.66,-0.51,5.46,7.81,-0.44,5.45,7.81,-0.44,5.43,7.81,-0.44,5.44,7.81,-0.65,5.41,7.81,-0.65,5.37,7.8,-0.65,5.23,7.71,0.02,5.17,7.7,-0.95,5.53,7.48,-0.32,5.49,7.48,-0.60,5.24,6.67,0.71,5.03,6.76,-1.40,6.39,6.23,1.08,6.32,6.35,-1.99,7.43,6.36,0.69,7.43,6.59,-2.24,7.67,6.45,0.67,7.73,6.71,-2.54,7.7,6.52,0.47,7.74,6.81,-2.41,7.62,6.48,0.58,7.66,6.76,-2.20,5.3,4.38,0.64,5.3,4.33,-0.64,5.14,2.68,1.28,5.24,2.68,-0.07,5.07,1.07,2.18,5.14,0.99,0.72,4.92,0.81,2.25,4.98,0.68,0.78,5.81,0.83,1.92,5.94,0.71,0.30,
5.56,7.66,-0.52,5.45,7.81,-0.44,5.44,7.81,-0.44,5.43,7.81,-0.44,5.42,7.81,-0.65,5.39,7.81,-0.65,5.36,7.8,-0.65,5.23,7.71,0.01,5.15,7.7,-0.95,5.52,7.48,-0.32,5.48,7.48,-0.60,5.23,6.66,0.71,5.02,6.76,-1.40,6.39,6.23,1.07,6.32,6.35,-1.98,7.43,6.37,0.68,7.42,6.59,-2.23,7.66,6.45,0.67,7.73,6.7,-2.53,7.7,6.53,0.46,7.74,6.81,-2.40,7.62,6.49,0.57,7.65,6.77,-2.19,5.3,4.37,0.64,5.3,4.32,-0.64,5.14,2.67,1.27,5.24,2.67,-0.08,5.07,1.07,2.14,5.14,0.98,0.70,4.92,0.81,2.21,4.98,0.67,0.76,5.81,0.83,1.88,5.94,0.71,0.27,
5.54,7.66,-0.52,5.44,7.8,-0.44,5.42,7.81,-0.44,5.41,7.81,-0.44,5.41,7.8,-0.65,5.38,7.8,-0.65,5.34,7.8,-0.65,5.21,7.71,0.01,5.13,7.69,-0.96,5.5,7.48,-0.32,5.46,7.47,-0.61,5.2,6.66,0.71,5.01,6.76,-1.40,6.38,6.23,1.08,6.3,6.35,-1.97,7.43,6.36,0.69,7.42,6.57,-2.19,7.66,6.45,0.68,7.73,6.67,-2.49,7.69,6.52,0.47,7.73,6.79,-2.35,7.61,6.48,0.58,7.65,6.74,-2.15,5.29,4.37,0.64,5.3,4.32,-0.64,5.14,2.67,1.26,5.23,2.66,-0.08,5.07,1.07,2.13,5.14,0.98,0.69,4.93,0.81,2.20,4.98,0.67,0.75,5.81,0.83,1.87,5.94,0.71,0.26,
5.52,7.65,-0.53,5.42,7.79,-0.45,5.41,7.79,-0.45,5.4,7.79,-0.45,5.39,7.79,-0.66,5.36,7.78,-0.66,5.32,7.78,-0.66,5.2,7.7,0.01,5.11,7.68,-0.95,5.48,7.47,-0.33,5.44,7.46,-0.61,5.2,6.66,0.71,5.0,6.76,-1.40,6.38,6.23,1.07,6.3,6.35,-1.96,7.42,6.35,0.68,7.42,6.55,-2.21,7.66,6.43,0.66,7.72,6.64,-2.50,7.69,6.51,0.46,7.73,6.76,-2.37,7.61,6.47,0.57,7.65,6.71,-2.16,5.29,4.37,0.64,5.3,4.32,-0.64,5.14,2.67,1.26,5.23,2.66,-0.09,5.07,1.07,2.12,5.13,0.98,0.66,4.93,0.81,2.20,4.98,0.67,0.71,5.81,0.83,1.87,5.94,0.71,0.22,
5.48,7.64,-0.62,5.4,7.78,-0.52,5.39,7.79,-0.52,5.38,7.79,-0.52,5.36,7.78,-0.73,5.33,7.77,-0.73,5.28,7.77,-0.73,5.2,7.7,-0.00,5.08,7.68,-0.94,5.45,7.47,-0.40,5.41,7.46,-0.67,5.19,6.66,0.71,4.99,6.77,-1.40,6.37,6.23,1.07,6.29,6.34,-1.95,7.42,6.35,0.66,7.42,6.53,-2.15,7.66,6.42,0.64,7.72,6.63,-2.43,7.69,6.49,0.44,7.73,6.74,-2.30,7.61,6.46,0.55,7.65,6.69,-2.11,5.29,4.37,0.64,5.3,4.32,-0.64,5.14,2.67,1.25,5.23,2.66,-0.09,5.07,1.07,2.10,5.13,0.98,0.65,4.93,0.81,2.17,4.97,0.67,0.70,5.81,0.83,1.86,5.94,0.7,0.22,
5.45,7.64,-0.65,5.37,7.78,-0.55,5.37,7.78,-0.55,5.36,7.78,-0.55,5.33,7.77,-0.75,5.29,7.77,-0.75,5.25,7.77,-0.75,5.19,7.7,-0.02,5.05,7.68,-0.95,5.42,7.47,-0.43,5.38,7.45,-0.69,5.18,6.66,0.71,4.98,6.77,-1.40,6.36,6.23,1.07,6.27,6.34,-1.90,7.4,6.34,0.64,7.41,6.52,-2.04,7.65,6.42,0.62,7.72,6.61,-2.32,7.69,6.48,0.42,7.72,6.72,-2.20,7.6,6.45,0.53,7.64,6.67,-2.00,5.28,4.37,0.64,5.29,4.31,-0.64,5.14,2.68,1.24,5.22,2.66,-0.09,5.07,1.07,2.10,5.13,0.98,0.65,4.93,0.81,2.17,4.97,0.67,0.70,5.81,0.83,1.85,5.94,0.7,0.22,
5.41,7.62,-0.91,5.35,7.76,-0.78,5.35,7.77,-0.78,5.35,7.77,-0.78,5.29,7.76,-0.96,5.24,7.75,-0.96,5.19,7.75,-0.96,5.19,7.69,-0.13,4.99,7.66,-0.95,5.4,7.46,-0.65,5.34,7.44,-0.89,5.18,6.66,0.70,4.97,6.77,-1.39,6.35,6.22,1.03,6.25,6.34,-1.90,7.39,6.33,0.54,7.38,6.51,-2.05,7.65,6.41,0.51,7.7,6.6,-2.33,7.69,6.47,0.32,7.71,6.7,-2.22,7.59,6.44,0.44,7.62,6.66,-2.01,5.28,4.37,0.63,5.29,4.31,-0.63,5.14,2.68,1.17,5.22,2.66,-0.11,5.07,1.07,1.99,5.13,0.97,0.58,4.93,0.81,2.05,4.97,0.67,0.63,5.81,0.83,1.72,5.95,0.7,0.16,
5.38,7.61,-0.94,5.33,7.75,-0.80,5.33,7.75,-0.80,5.33,7.76,-0.80,5.26,7.74,-0.98,5.21,7.74,-0.98,5.16,7.73,-0.98,5.19,7.69,-0.14,4.97,7.65,-0.95,5.38,7.45,-0.67,5.32,7.43,-0.90,5.18,6.66,0.70,4.96,6.77,-1.38,6.35,6.22,1.01,6.23,6.34,-1.89,7.39,6.33,0.49,7.37,6.51,-2.06,7.65,6.4,0.45,7.69,6.6,-2.34,7.68,6.47,0.26,7.7,6.7,-2.23,7.59,6.43,0.38,7.61,6.66,-2.02,5.28,4.38,0.63,5.29,4.32,-0.63,5.13,2.68,1.11,5.22,2.66,-0.14,5.07,1.07,1.90,5.13,0.97,0.52,4.93,0.81,1.96,4.97,0.67,0.56,5.8,0.83,1.62,5.95,0.7,0.08,
5.37,7.6,-1.00,5.32,7.75,-0.86,5.32,7.75,-0.86,5.33,7.75,-0.86,5.25,7.74,-1.04,5.2,7.73,-1.04,5.14,7.73,-1.04,5.18,7.68,-0.18,4.95,7.65,-0.95,5.37,7.45,-0.72,5.3,7.42,-0.95,5.18,6.66,0.69,4.95,6.77,-1.37,6.35,6.22,0.97,6.22,6.34,-1.87,7.38,6.32,0.43,7.36,6.5,-2.06,7.65,6.4,0.38,7.69,6.59,-2.34,7.68,6.47,0.18,7.7,6.7,-2.23,7.59,6.43,0.32,7.6,6.66,-2.02,5.28,4.4,0.62,5.29,4.34,-0.62,5.14,2.69,1.05,5.23,2.67,-0.18,5.07,1.07,1.81,5.14,0.97,0.44,4.93,0.81,1.86,4.97,0.67,0.47,5.8,0.83,1.51,5.96,0.7,-0.02,
5.37,7.6,-1.01,5.31,7.75,-0.87,5.32,7.75,-0.87,5.32,7.75,-0.87,5.25,7.74,-1.05,5.19,7.73,-1.05,5.14,7.73,-1.05,5.18,7.68,-0.18,4.95,7.65,-0.96,5.37,7.45,-0.73,5.3,7.42,-0.96,5.18,6.66,0.68,4.94,6.77,-1.37,6.35,6.22,0.96,6.21,6.34,-1.88,7.39,6.32,0.44,7.36,6.5,-2.09,7.65,6.4,0.40,7.69,6.59,-2.37,7.68,6.47,0.21,7.7,6.69,-2.27,7.59,6.43,0.34,7.6,6.65,-2.06,5.28,4.41,0.62,5.29,4.35,-0.62,5.14,2.7,1.07,5.23,2.68,-0.17,5.07,1.07,1.85,5.14,0.97,0.48,4.93,0.82,1.91,4.97,0.67,0.52,5.8,0.83,1.57,5.96,0.7,0.03,
5.36,7.6,-1.04,5.31,7.75,-0.90,5.32,7.75,-0.90,5.32,7.75,-0.90,5.24,7.74,-1.08,5.19,7.74,-1.08,5.13,7.73,-1.08,5.18,7.68,-0.20,4.94,7.65,-0.97,5.37,7.45,-0.77,5.3,7.42,-0.99,5.19,6.66,0.66,4.93,6.77,-1.37,6.36,6.22,0.94,6.21,6.34,-1.88,7.4,6.32,0.43,7.36,6.5,-2.14,7.66,6.4,0.38,7.69,6.58,-2.42,7.69,6.47,0.19,7.7,6.69,-2.32,7.6,6.43,0.32,7.6,6.65,-2.11,5.28,4.42,0.61,5.29,4.35,-0.61,5.14,2.7,1.05,5.23,2.68,-0.17,5.07,1.07,1.83,5.14,0.97,0.49,4.93,0.82,1.89,4.97,0.67,0.53,5.8,0.83,1.55,5.96,0.7,0.04,
5.36,7.6,-1.15,5.31,7.75,-1.00,5.32,7.75,-1.00,5.32,7.75,-1.00,5.23,7.74,-1.17,5.18,7.74,-1.17,5.12,7.73,-1.17,5.18,7.68,-0.26,4.93,7.65,-0.99,5.37,7.45,-0.86,5.3,7.42,-1.07,5.21,6.67,0.64,4.93,6.77,-1.36,6.37,6.22,0.93,6.21,6.34,-1.89,7.41,6.32,0.38,7.35,6.5,-2.20,7.69,6.4,0.33,7.69,6.58,-2.48,7.71,6.47,0.13,7.7,6.69,-2.39,7.62,6.43,0.27,7.6,6.64,-2.17,5.29,4.43,0.60,5.28,4.35,-0.60,5.14,2.71,1.01,5.23,2.68,-0.18,5.07,1.07,1.78,5.14,0.97,0.47,4.93,0.82,1.84,4.98,0.67,0.50,5.8,0.83,1.48,5.96,0.7,0.00,
5.36,7.6,-1.19,5.31,7.75,-1.04,5.32,7.75,-1.04,5.32,7.75,-1.04,5.23,7.74,-1.20,5.17,7.73,-1.20,5.12,7.73,-1.20,5.18,7.68,-0.28,4.92,7.65,-1.00,5.38,7.45,-0.89,5.3,7.42,-1.10,5.23,6.67,0.63,4.92,6.77,-1.36,6.37,6.23,0.93,6.2,6.34,-1.92,7.43,6.32,0.38,7.35,6.5,-2.27,7.7,6.4,0.32,7.69,6.58,-2.55,7.72,6.47,0.12,7.7,6.68,-2.47,7.64,6.43,0.27,7.6,6.64,-2.24,5.31,4.44,0.59,5.28,4.36,-0.59,5.14,2.71,0.97,5.23,2.69,-0.21,5.08,1.07,1.73,5.14,0.98,0.42,4.93,0.82,1.78,4.97,0.68,0.45,5.81,0.83,1.42,5.96,0.7,-0.06,
5.36,7.6,-1.18,5.31,7.75,-1.02,5.32,7.75,-1.02,5.32,7.75,-1.02,5.23,7.74,-1.19,5.17,7.73,-1.19,5.12,7.73,-1.19,5.19,7.69,-0.26,4.92,7.64,-1.00,5.38,7.45,-0.87,5.3,7.42,-1.09,5.24,6.67,0.63,4.92,6.77,-1.36,6.37,6.23,0.93,6.19,6.34,-1.95,7.43,6.32,0.41,7.35,6.5,-2.30,7.7,6.4,0.36,7.69,6.57,-2.59,7.72,6.47,0.16,7.7,6.68,-2.50,7.64,6.43,0.30,7.6,6.64,-2.27,5.32,4.44,0.59,5.28,4.36,-0.59,5.15,2.71,1.01,5.23,2.69,-0.20,5.08,1.07,1.79,5.14,0.98,0.45,4.93,0.83,1.85,4.97,0.68,0.49,5.81,0.83,1.49,5.96,0.7,-0.01,
5.36,7.6,-1.20,5.31,7.75,-1.05,5.32,7.75,-1.05,5.33,7.75,-1.05,5.23,7.74,-1.21,5.17,7.73,-1.21,5.11,7.73,-1.21,5.19,7.69,-0.27,4.92,7.64,-1.00,5.38,7.45,-0.90,5.3,7.42,-1.11,5.26,6.67,0.64,4.92,6.77,-1.36,6.37,6.23,0.94,6.18,6.34,-1.99,7.43,6.32,0.41,7.34,6.5,-2.34,7.7,6.4,0.37,7.69,6.56,-2.63,7.73,6.46,0.17,7.7,6.67,-2.53,7.64,6.43,0.30,7.6,6.63,-2.31,5.33,4.43,0.59,5.28,4.36,-0.60,5.15,2.71,1.02,5.23,2.69,-0.20,5.08,1.08,1.80,5.14,0.98,0.48,4.93,0.83,1.86,4.97,0.68,0.52,5.81,0.83,1.51,5.96,0.7,0.01,
5.36,7.6,-1.23,5.31,7.75,-1.07,5.32,7.75,-1.07,5.33,7.75,-1.07,5.23,7.74,-1.23,5.17,7.73,-1.23,5.11,7.73,-1.23,5.19,7.69,-0.28,4.92,7.64,-1.00,5.38,7.45,-0.92,5.3,7.42,-1.13,5.27,6.67,0.64,4.92,6.77,-1.36,6.38,6.23,0.94,6.18,6.34,-1.99,7.43,6.32,0.42,7.34,6.5,-2.33,7.71,6.4,0.37,7.69,6.55,-2.62,7.74,6.46,0.19,7.7,6.65,-2.53,7.65,6.43,0.31,7.6,6.61,-2.31,5.33,4.43,0.60,5.28,4.35,-0.60,5.15,2.71,1.03,5.23,2.68,-0.19,5.08,1.08,1.83,5.14,0.98,0.52,4.93,0.83,1.89,4.97,0.68,0.56,5.81,0.83,1.54,5.96,0.7,0.05,
5.36,7.6,-1.25,5.31,7.75,-1.09,5.32,7.75,-1.09,5.33,7.75,-1.09,5.23,7.74,-1.25,5.17,7.73,-1.25,5.11,7.73,-1.25,5.19,7.69,-0.29,4.92,7.64,-1.00,5.38,7.45,-0.93,5.3,7.42,-1.14,5.28,6.67,0.64,4.91,6.77,-1.36,6.39,6.23,0.94,6.18,6.34,-1.99,7.44,6.32,0.42,7.34,6.49,-2.36,7.73,6.39,0.37,7.69,6.55,-2.65,7.75,6.46,0.18,7.7,6.65,-2.57,7.67,6.43,0.31,7.6,6.61,-2.34,5.35,4.44,0.60,5.28,4.36,-0.60,5.15,2.71,1.01,5.23,2.69,-0.20,5.08,1.08,1.80,5.14,0.98,0.49,4.93,0.83,1.85,4.97,0.68,0.53,5.81,0.83,1.48,5.96,0.7,0.01,
5.36,7.6,-1.23,5.31,7.75,-1.07,5.32,7.75,-1.07,5.33,7.76,-1.07,5.23,7.74,-1.23,5.17,7.73,-1.23,5.11,7.73,-1.23,5.2,7.69,-0.28,4.92,7.64,-0.99,5.38,7.45,-0.92,5.3,7.42,-1.13,5.3,6.66,0.66,4.91,6.77,-1.36,6.4,6.23,0.97,6.18,6.34,-1.98,7.45,6.32,0.42,7.34,6.49,-2.34,7.73,6.39,0.38,7.69,6.54,-2.63,7.76,6.46,0.18,7.7,6.64,-2.55,7.68,6.43,0.32,7.6,6.61,-2.32,5.37,4.44,0.60,5.28,4.37,-0.60,5.15,2.71,1.01,5.23,2.68,-0.20,5.08,1.08,1.81,5.14,0.98,0.49,4.93,0.83,1.86,4.97,0.68,0.53,5.81,0.83,1.49,5.96,0.7,0.01,
5.36,7.6,-1.23,5.31,7.75,-1.07,5.32,7.75,-1.07,5.33,7.76,-1.07,5.23,7.74,-1.23,5.17,7.73,-1.23,5.11,7.73,-1.23,5.21,7.69,-0.28,4.91,7.64,-0.99,5.38,7.44,-0.92,5.3,7.42,-1.12,5.3,6.67,0.66,4.91,6.77,-1.35,6.4,6.23,0.99,6.18,6.33,-1.93,7.44,6.32,0.48,7.34,6.46,-2.26,7.73,6.38,0.43,7.69,6.5,-2.55,7.76,6.45,0.24,7.7,6.59,-2.48,7.68,6.42,0.37,7.6,6.57,-2.25,5.37,4.43,0.60,5.28,4.36,-0.60,5.15,2.7,1.02,5.23,2.68,-0.20,5.09,1.08,1.83,5.14,0.98,0.52,4.93,0.83,1.89,4.97,0.68,0.56,5.81,0.83,1.52,5.95,0.7,0.06,
5.36,7.6,-1.21,5.31,7.75,-1.05,5.33,7.75,-1.05,5.33,7.76,-1.05,5.23,7.74,-1.21,5.17,7.73,-1.21,5.11,7.72,-1.21,5.22,7.69,-0.27,4.92,7.64,-0.99,5.39,7.44,-0.90,5.3,7.41,-1.11,5.3,6.67,0.66,4.92,6.77,-1.34,6.4,6.23,1.01,6.18,6.32,-1.83,7.44,6.31,0.48,7.33,6.41,-2.08,7.73,6.38,0.43,7.68,6.45,-2.36,7.76,6.45,0.24,7.69,6.55,-2.29,7.67,6.42,0.37,7.59,6.52,-2.07,5.37,4.43,0.60,5.28,4.36,-0.60,5.15,2.69,1.02,5.23,2.68,-0.19,5.09,1.07,1.84,5.14,0.98,0.54,4.93,0.83,1.90,4.97,0.68,0.59,5.81,0.83,1.54,5.95,0.7,0.09,
5.37,7.6,-1.19,5.32,7.75,-1.04,5.33,7.75,-1.04,5.34,7.76,-1.04,5.23,7.74,-1.20,5.17,7.73,-1.20,5.11,7.72,-1.20,5.23,7.69,-0.27,4.92,7.64,-0.99,5.4,7.44,-0.89,5.3,7.41,-1.10,5.29,6.68,0.67,4.92,6.77,-1.33,6.39,6.24,1.02,6.19,6.3,-1.77,7.44,6.31,0.49,7.35,6.37,-1.96,7.73,6.38,0.44,7.68,6.41,-2.22,7.76,6.45,0.25,7.69,6.51,-2.16,7.67,6.42,0.38,7.59,6.49,-1.94,5.37,4.43,0.60,5.29,4.36,-0.60,5.16,2.69,1.03,5.24,2.68,-0.19,5.09,1.07,1.84,5.14,0.98,0.55,4.93,0.83,1.90,4.97,0.68,0.60,5.81,0.83,1.54,5.95,0.7,0.11,
5.38,7.59,-1.18,5.34,7.74,-1.03,5.35,7.74,-1.03,5.36,7.75,-1.03,5.25,7.73,-1.20,5.19,7.72,-1.20,5.12,7.71,-1.20,5.25,7.68,-0.27,4.94,7.63,-0.98,5.41,7.41,-0.88,5.31,7.39,-1.10,5.29,6.69,0.67,4.93,6.77,-1.32,6.39,6.25,1.02,6.19,6.28,-1.74,7.44,6.31,0.49,7.35,6.33,-1.92,7.74,6.37,0.44,7.69,6.37,-2.18,7.76,6.44,0.25,7.69,6.47,-2.12,7.68,6.41,0.38,7.59,6.45,-1.90,5.37,4.43,0.60,5.31,4.36,-0.60,5.16,2.69,1.03,5.26,2.68,-0.19,5.09,1.07,1.83,5.14,0.98,0.55,4.93,0.83,1.89,4.97,0.68,0.60,5.81,0.83,1.54,5.95,0.7,0.10,
5.4,7.56,-1.18,5.37,7.72,-1.03,5.38,7.72,-1.03,5.39,7.72,-1.03,5.28,7.71,-1.19,5.24,7.7,-1.19,5.18,7.7,-1.19,5.27,7.67,-0.26,4.99,7.63,-0.98,5.43,7.38,-0.88,5.33,7.37,-1.09,5.29,6.69,0.67,4.95,6.77,-1.32,6.4,6.26,1.02,6.2,6.27,-1.78,7.46,6.3,0.49,7.36,6.31,-2.02,7.76,6.37,0.44,7.7,6.35,-2.28,7.78,6.44,0.25,7.71,6.46,-2.21,7.7,6.41,0.39,7.61,6.44,-1.99,5.38,4.43,0.60,5.32,4.36,-0.60,5.17,2.69,1.03,5.29,2.68,-0.19,5.09,1.07,1.83,5.14,0.98,0.51,4.93,0.83,1.88,4.97,0.68,0.56,5.81,0.83,1.53,5.95,0.7,0.08,
5.45,7.54,-1.07,5.41,7.7,-0.92,5.42,7.7,-0.92,5.43,7.71,-0.92,5.34,7.69,-1.09,5.3,7.69,-1.09,5.25,7.68,-1.09,5.3,7.66,-0.20,5.06,7.62,-0.95,5.47,7.36,-0.78,5.37,7.35,-1.00,5.31,6.69,0.69,4.96,6.77,-1.30,6.4,6.26,1.04,6.2,6.27,-1.79,7.47,6.3,0.55,7.36,6.3,-2.03,7.77,6.37,0.50,7.71,6.35,-2.29,7.79,6.44,0.32,7.72,6.46,-2.22,7.71,6.41,0.45,7.62,6.43,-2.00,5.38,4.42,0.60,5.33,4.35,-0.60,5.17,2.69,1.03,5.33,2.68,-0.19,5.08,1.07,1.81,5.15,0.98,0.49,4.93,0.82,1.87,4.98,0.68,0.54,5.79,0.84,1.52,5.95,0.7,0.07,
5.51,7.52,-0.74,5.47,7.68,-0.63,5.47,7.69,-0.63,5.47,7.69,-0.63,5.4,7.68,-0.81,5.36,7.68,-0.81,5.32,7.67,-0.81,5.32,7.64,-0.06,5.13,7.61,-0.87,5.51,7.34,-0.50,5.42,7.34,-0.74,5.32,6.69,0.70,4.98,6.77,-1.27,6.41,6.28,1.05,6.2,6.27,-1.77,7.48,6.3,0.64,7.36,6.3,-1.98,7.78,6.37,0.60,7.71,6.34,-2.23,7.8,6.44,0.41,7.72,6.45,-2.16,7.72,6.41,0.53,7.62,6.43,-1.95,5.39,4.42,0.60,5.35,4.35,-0.60,5.17,2.69,1.01,5.37,2.68,-0.21,5.08,1.08,1.72,5.15,0.98,0.41,4.92,0.82,1.77,4.98,0.68,0.45,5.72,0.86,1.44,5.95,0.7,0.01,
5.58,7.49,-0.57,5.53,7.66,-0.47,5.53,7.67,-0.47,5.53,7.67,-0.47,5.47,7.66,-0.66,5.43,7.66,-0.66,5.38,7.66,-0.66,5.35,7.62,0.02,5.19,7.6,-0.83,5.55,7.32,-0.36,5.48,7.32,-0.61,5.33,6.69,0.72,5.01,6.76,-1.26,6.42,6.29,1.07,6.22,6.27,-1.74,7.5,6.31,0.71,7.36,6.3,-1.89,7.79,6.37,0.68,7.71,6.34,-2.13,7.81,6.44,0.49,7.72,6.46,-2.05,7.73,6.41,0.60,7.63,6.43,-1.86,5.39,4.4,0.60,5.38,4.35,-0.60,5.17,2.69,1.01,5.45,2.68,-0.24,5.07,1.08,1.71,5.16,0.98,0.34,4.92,0.82,1.76,4.99,0.69,0.39,5.7,0.86,1.45,5.95,0.7,-0.03,
5.63,7.48,-0.47,5.59,7.65,-0.39,5.59,7.65,-0.39,5.59,7.66,-0.39,5.54,7.65,-0.59,5.5,7.65,-0.59,5.45,7.65,-0.59,5.4,7.61,0.05,5.24,7.6,-0.84,5.6,7.31,-0.28,5.53,7.31,-0.54,5.34,6.69,0.71,5.04,6.76,-1.26,6.43,6.3,1.07,6.24,6.27,-1.68,7.52,6.32,0.67,7.38,6.31,-1.73,7.81,6.38,0.63,7.72,6.35,-1.97,7.82,6.45,0.44,7.73,6.46,-1.89,7.74,6.42,0.56,7.63,6.44,-1.70,5.38,4.4,0.60,5.41,4.35,-0.60,5.17,2.69,1.03,5.52,2.68,-0.25,5.07,1.09,1.74,5.18,0.99,0.33,4.92,0.83,1.79,5.01,0.72,0.38,5.67,0.87,1.45,5.96,0.7,-0.03,
5.68,7.46,-0.51,5.64,7.63,-0.44,5.64,7.63,-0.44,5.64,7.64,-0.44,5.59,7.63,-0.63,5.56,7.63,-0.63,5.51,7.63,-0.63,5.46,7.6,0.01,5.29,7.59,-0.86,5.64,7.3,-0.32,5.58,7.3,-0.58,5.37,6.7,0.69,5.07,6.76,-1.27,6.46,6.32,1.04,6.27,6.27,-1.57,7.55,6.35,0.64,7.39,6.31,-1.45,7.84,6.41,0.59,7.74,6.35,-1.65,7.86,6.47,0.41,7.75,6.47,-1.59,7.77,6.45,0.54,7.65,6.44,-1.42,5.37,4.39,0.60,5.43,4.33,-0.60,5.17,2.69,1.10,5.58,2.68,-0.21,5.07,1.11,1.85,5.21,1.01,0.43,4.92,0.85,1.91,5.04,0.75,0.48,5.64,0.88,1.62,5.96,0.71,0.11,
5.73,7.45,-0.49,5.69,7.62,-0.41,5.69,7.62,-0.41,5.68,7.63,-0.41,5.64,7.62,-0.61,5.61,7.62,-0.61,5.57,7.62,-0.61,5.5,7.59,0.02,5.35,7.58,-0.87,5.68,7.29,-0.30,5.62,7.29,-0.56,5.38,6.7,0.68,5.09,6.75,-1.27,6.5,6.33,1.04,6.28,6.27,-1.55,7.59,6.38,0.62,7.41,6.31,-1.37,7.87,6.43,0.58,7.76,6.36,-1.57,7.89,6.5,0.39,7.79,6.48,-1.51,7.8,6.48,0.52,7.68,6.45,-1.34,5.35,4.34,0.60,5.46,4.3,-0.60,5.17,2.69,1.17,5.62,2.68,-0.22,5.07,1.11,1.94,5.24,1.03,0.41,4.92,0.85,2.00,5.08,0.77,0.46,5.65,0.89,1.73,5.97,0.71,0.10,
5.78,7.44,-0.50,5.74,7.61,-0.42,5.74,7.61,-0.42,5.73,7.62,-0.42,5.7,7.61,-0.63,5.67,7.61,-0.63,5.63,7.61,-0.63,5.54,7.58,0.00,5.4,7.58,-0.91,5.73,7.29,-0.31,5.67,7.28,-0.58,5.38,6.7,0.66,5.13,6.75,-1.29,6.5,6.34,1.06,6.29,6.27,-1.57,7.6,6.4,0.68,7.46,6.32,-1.37,7.89,6.44,0.64,7.8,6.36,-1.56,7.91,6.52,0.46,7.83,6.48,-1.50,7.81,6.5,0.57,7.73,6.46,-1.34,5.34,4.3,0.60,5.49,4.25,-0.60,5.17,2.69,1.27,5.68,2.68,-0.21,5.08,1.12,2.10,5.27,1.04,0.45,4.93,0.85,2.16,5.1,0.78,0.51,5.64,0.89,1.91,6.01,0.71,0.17,
5.83,7.43,-0.51,5.8,7.59,-0.44,5.79,7.6,-0.44,5.78,7.6,-0.44,5.76,7.59,-0.65,5.72,7.6,-0.65,5.68,7.6,-0.65,5.58,7.56,-0.01,5.45,7.57,-0.94,5.78,7.27,-0.33,5.72,7.27,-0.60,5.38,6.7,0.65,5.2,6.74,-1.32,6.5,6.34,1.06,6.35,6.27,-1.58,7.62,6.41,0.66,7.49,6.32,-1.37,7.9,6.45,0.63,7.85,6.36,-1.57,7.92,6.52,0.44,7.86,6.49,-1.51,7.82,6.51,0.56,7.76,6.47,-1.34,5.33,4.26,0.60,5.52,4.21,-0.60,5.17,2.69,1.32,5.71,2.69,-0.18,5.09,1.12,2.18,5.32,1.06,0.53,4.94,0.86,2.24,5.14,0.8,0.59,5.65,0.91,1.99,6.04,0.72,0.24,
5.89,7.41,-0.51,5.86,7.58,-0.44,5.85,7.58,-0.44,5.84,7.59,-0.44,5.83,7.58,-0.65,5.79,7.59,-0.65,5.76,7.59,-0.65,5.63,7.55,-0.02,5.51,7.56,-0.95,5.84,7.26,-0.33,5.79,7.26,-0.59,5.38,6.7,0.64,5.26,6.74,-1.32,6.5,6.34,1.07,6.4,6.27,-1.59,7.63,6.41,0.72,7.56,6.32,-1.40,7.9,6.45,0.71,7.91,6.37,-1.59,7.93,6.53,0.52,7.94,6.49,-1.53,7.82,6.5,0.62,7.83,6.47,-1.37,5.33,4.23,0.59,5.55,4.19,-0.60,5.17,2.69,1.30,5.73,2.71,-0.17,5.11,1.13,2.13,5.36,1.08,0.54,4.97,0.87,2.20,5.17,0.82,0.60,5.66,0.92,1.94,6.09,0.73,0.24,
5.96,7.4,-0.49,5.92,7.56,-0.42,5.92,7.56,-0.42,5.91,7.57,-0.42,5.89,7.57,-0.62,5.86,7.57,-0.62,5.82,7.58,-0.62,5.68,7.54,-0.01,5.57,7.55,-0.95,5.9,7.24,-0.31,5.85,7.24,-0.57,5.41,6.7,0.63,5.31,6.73,-1.30,6.51,6.33,0.99,6.49,6.27,-1.56,7.65,6.4,0.54,7.63,6.32,-1.38,7.91,6.45,0.52,7.97,6.37,-1.58,7.97,6.52,0.34,8.0,6.49,-1.50,7.86,6.5,0.44,7.89,6.47,-1.35,5.33,4.24,0.59,5.57,4.2,-0.59,5.18,2.71,1.29,5.74,2.73,-0.17,5.12,1.12,2.02,5.44,1.08,0.52,4.99,0.87,2.07,5.23,0.83,0.58,5.68,0.93,1.83,6.13,0.75,0.22,
6.05,7.39,-0.48,6.01,7.55,-0.41,6.0,7.56,-0.41,5.99,7.56,-0.41,5.98,7.56,-0.61,5.94,7.57,-0.61,5.91,7.57,-0.61,5.76,7.53,-0.01,5.65,7.54,-0.94,5.98,7.24,-0.30,5.93,7.24,-0.57,5.5,6.7,0.62,5.39,6.72,-1.29,6.61,6.33,0.89,6.58,6.25,-1.49,7.69,6.39,0.36,7.69,6.31,-1.19,7.95,6.44,0.31,8.01,6.36,-1.37,8.02,6.51,0.13,8.03,6.48,-1.31,7.91,6.48,0.26,7.92,6.44,-1.16,5.34,4.25,0.59,5.58,4.2,-0.59,5.19,2.72,1.21,5.77,2.74,-0.17,5.12,1.12,1.89,5.51,1.08,0.52,4.99,0.87,1.94,5.29,0.84,0.58,5.69,0.93,1.69,6.19,0.77,0.21,
6.13,7.38,-0.49,6.09,7.54,-0.41,6.09,7.54,-0.41,6.07,7.55,-0.41,6.06,7.55,-0.61,6.03,7.55,-0.61,5.99,7.56,-0.61,5.85,7.52,-0.00,5.73,7.53,-0.93,6.06,7.23,-0.31,6.0,7.23,-0.57,5.61,6.7,0.61,5.42,6.72,-1.29,6.71,6.31,0.87,6.61,6.23,-1.51,7.77,6.35,0.33,7.73,6.27,-1.25,8.06,6.42,0.26,8.06,6.33,-1.44,8.12,6.49,0.09,8.08,6.45,-1.38,7.99,6.45,0.23,7.97,6.41,-1.22,5.41,4.25,0.59,5.58,4.21,-0.59,5.23,2.73,1.20,5.75,2.74,-0.22,5.14,1.13,1.91,5.61,1.08,0.39,4.99,0.87,1.96,5.4,0.84,0.44,5.66,0.94,1.71,6.33,0.77,0.12,
6.22,7.36,-0.50,6.18,7.52,-0.43,6.18,7.53,-0.43,6.16,7.53,-0.43,6.15,7.53,-0.63,6.12,7.54,-0.63,6.09,7.54,-0.63,5.93,7.51,-0.01,5.83,7.52,-0.93,6.14,7.22,-0.32,6.09,7.22,-0.58,5.74,6.69,0.58,5.49,6.72,-1.29,6.84,6.3,0.83,6.69,6.21,-1.53,7.89,6.31,0.29,7.8,6.22,-1.31,8.18,6.38,0.22,8.14,6.28,-1.51,8.23,6.46,0.04,8.17,6.42,-1.44,8.11,6.41,0.19,8.05,6.38,-1.28,5.48,4.26,0.59,5.58,4.21,-0.59,5.25,2.73,1.18,5.74,2.73,-0.22,5.15,1.13,1.88,5.62,1.08,0.40,5.0,0.86,1.93,5.4,0.84,0.44,5.67,0.93,1.69,6.4,0.76,0.12,
6.31,7.35,-0.50,6.28,7.51,-0.44,6.28,7.51,-0.44,6.26,7.51,-0.44,6.25,7.51,-0.64,6.22,7.52,-0.64,6.18,7.53,-0.64,6.04,7.5,-0.04,5.92,7.51,-0.94,6.23,7.2,-0.34,6.18,7.2,-0.60,5.88,6.67,0.56,5.56,6.7,-1.31,6.97,6.28,0.82,6.78,6.19,-1.59,7.97,6.25,0.31,7.86,6.14,-1.41,8.24,6.32,0.25,8.19,6.21,-1.63,8.29,6.39,0.07,8.22,6.33,-1.57,8.19,6.35,0.21,8.11,6.29,-1.39,5.52,4.26,0.58,5.58,4.21,-0.58,5.25,2.73,1.17,5.74,2.71,-0.25,5.14,1.13,1.87,5.61,1.08,0.30,5.0,0.86,1.92,5.4,0.84,0.33,5.65,0.92,1.67,6.43,0.74,-0.04,
6.41,7.32,-0.56,6.38,7.47,-0.49,6.37,7.48,-0.49,6.36,7.48,-0.49,6.35,7.48,-0.68,6.32,7.49,-0.68,6.28,7.5,-0.68,6.14,7.47,-0.07,6.04,7.49,-0.95,6.32,7.18,-0.38,6.27,7.18,-0.64,6.0,6.66,0.53,5.64,6.7,-1.33,7.08,6.27,0.84,6.85,6.15,-1.67,8.11,6.21,0.37,7.92,6.06,-1.54,8.37,6.28,0.31,8.24,6.1,-1.76,8.41,6.36,0.12,8.29,6.25,-1.71,8.31,6.32,0.27,8.19,6.22,-1.51,5.55,4.26,0.58,5.6,4.21,-0.58,5.25,2.73,1.17,5.76,2.7,-0.25,5.14,1.13,1.88,5.64,1.07,0.34,5.0,0.86,1.94,5.41,0.83,0.38,5.65,0.89,1.68,6.41,0.73,-0.01,
6.52,7.29,-0.59,6.5,7.45,-0.52,6.49,7.46,-0.52,6.48,7.46,-0.52,6.47,7.46,-0.71,6.44,7.46,-0.71,6.41,7.47,-0.71,6.26,7.45,-0.10,6.16,7.47,-0.98,6.43,7.15,-0.41,6.39,7.15,-0.67,6.1,6.66,0.52,5.74,6.68,-1.36,7.18,6.27,0.85,6.94,6.11,-1.73,8.19,6.2,0.38,7.94,5.96,-1.66,8.45,6.28,0.32,8.28,5.99,-1.89,8.51,6.36,0.13,8.33,6.12,-1.84,8.41,6.31,0.28,8.24,6.11,-1.63,5.58,4.28,0.58,5.62,4.21,-0.58,5.26,2.73,1.16,5.8,2.7,-0.26,5.13,1.12,1.84,5.66,1.06,0.29,5.0,0.86,1.90,5.4,0.82,0.32,5.63,0.88,1.64,6.39,0.71,-0.07,
6.62,7.25,-0.69,6.61,7.41,-0.61,6.61,7.42,-0.61,6.6,7.43,-0.61,6.58,7.42,-0.81,6.55,7.43,-0.81,6.52,7.43,-0.81,6.39,7.42,-0.17,6.27,7.43,-1.06,6.55,7.12,-0.50,6.49,7.12,-0.76,6.21,6.66,0.45,5.84,6.65,-1.41,7.28,6.27,0.83,7.08,6.01,-1.78,8.31,6.2,0.39,8.07,5.86,-1.76,8.57,6.29,0.33,8.41,5.86,-2.00,8.62,6.35,0.16,8.44,5.98,-1.95,8.53,6.29,0.29,8.35,5.99,-1.74,5.61,4.29,0.57,5.65,4.21,-0.58,5.29,2.73,1.10,5.83,2.7,-0.26,5.13,1.12,1.75,5.67,1.06,0.32,5.01,0.86,1.79,5.41,0.82,0.36,5.63,0.87,1.55,6.39,0.71,-0.02,
6.76,7.21,-0.67,6.75,7.38,-0.60,6.75,7.38,-0.60,6.74,7.39,-0.60,6.72,7.38,-0.80,6.69,7.38,-0.80,6.65,7.39,-0.80,6.53,7.39,-0.17,6.41,7.4,-1.06,6.68,7.08,-0.49,6.63,7.08,-0.74,6.32,6.66,0.43,5.95,6.62,-1.40,7.37,6.25,0.79,7.16,5.93,-1.78,8.4,6.15,0.37,8.17,5.72,-1.77,8.66,6.23,0.32,8.49,5.7,-2.02,8.7,6.28,0.12,8.52,5.8,-1.96,8.6,6.2,0.27,8.44,5.82,-1.74,5.65,4.3,0.57,5.68,4.2,-0.57,5.39,2.73,1.01,5.82,2.7,-0.25,5.21,1.13,1.60,5.66,1.06,0.33,5.03,0.86,1.64,5.4,0.82,0.37,5.74,0.86,1.38,6.39,0.71,-0.02,
6.91,7.17,-0.68,6.9,7.33,-0.61,6.9,7.34,-0.61,6.89,7.35,-0.61,6.88,7.33,-0.80,6.85,7.33,-0.80,6.82,7.34,-0.80,6.66,7.35,-0.19,6.57,7.35,-1.09,6.82,7.04,-0.50,6.78,7.03,-0.75,6.41,6.66,0.37,6.09,6.56,-1.41,7.44,6.22,0.73,7.26,5.82,-1.78,8.49,6.14,0.34,8.28,5.54,-1.77,8.77,6.22,0.29,8.59,5.49,-2.02,8.8,6.26,0.09,8.62,5.58,-1.95,8.7,6.18,0.24,8.54,5.63,-1.75,5.69,4.29,0.56,5.7,4.19,-0.56,5.47,2.74,1.00,5.87,2.72,-0.25,5.27,1.15,1.59,5.67,1.06,0.34,5.1,0.88,1.64,5.41,0.84,0.38,5.84,0.88,1.41,6.37,0.71,0.06,
7.07,7.09,-0.71,7.06,7.27,-0.64,7.05,7.28,-0.64,7.04,7.29,-0.64,7.04,7.26,-0.83,7.01,7.26,-0.83,6.98,7.27,-0.83,6.81,7.3,-0.22,6.74,7.28,-1.11,6.97,6.97,-0.53,6.93,6.96,-0.79,6.52,6.66,0.36,6.23,6.5,-1.43,7.57,6.19,0.70,7.34,5.71,-1.79,8.61,6.11,0.32,8.37,5.33,-1.76,8.89,6.2,0.29,8.68,5.26,-1.99,8.92,6.22,0.09,8.71,5.35,-1.92,8.83,6.15,0.22,8.62,5.4,-1.73,5.69,4.29,0.56,5.74,4.18,-0.56,5.49,2.74,0.97,5.98,2.72,-0.30,5.26,1.16,1.52,5.68,1.08,0.27,5.1,0.9,1.56,5.44,0.87,0.32,5.82,0.88,1.36,6.37,0.71,0.06,
7.23,6.98,-0.80,7.23,7.16,-0.72,7.23,7.17,-0.72,7.22,7.19,-0.72,7.2,7.15,-0.93,7.17,7.16,-0.92,7.14,7.16,-0.92,6.99,7.21,-0.26,6.9,7.19,-1.20,7.13,6.87,-0.61,7.08,6.86,-0.88,6.65,6.63,0.35,6.39,6.43,-1.53,7.7,6.15,0.70,7.44,5.57,-1.90,8.72,6.03,0.28,8.43,5.14,-1.87,8.99,6.14,0.25,8.75,5.03,-2.11,9.03,6.16,0.04,8.79,5.13,-2.03,8.94,6.08,0.18,8.7,5.18,-1.83,5.69,4.3,0.58,5.76,4.17,-0.58,5.51,2.75,0.97,6.09,2.73,-0.37,5.25,1.16,1.49,5.71,1.08,0.16,5.09,0.9,1.53,5.43,0.88,0.20,5.8,0.88,1.33,6.36,0.71,-0.05,
7.41,6.87,-0.99,7.41,7.04,-0.91,7.41,7.06,-0.91,7.4,7.07,-0.91,7.38,7.04,-1.13,7.35,7.05,-1.13,7.32,7.06,-1.13,7.17,7.12,-0.48,7.08,7.09,-1.48,7.29,6.76,-0.79,7.25,6.75,-1.09,6.79,6.6,0.15,6.52,6.34,-1.77,7.84,6.11,0.60,7.52,5.41,-2.13,8.86,5.95,0.25,8.54,4.94,-2.14,9.13,6.06,0.23,8.83,4.8,-2.41,9.15,6.07,0.00,8.89,4.92,-2.32,9.07,6.01,0.14,8.8,4.96,-2.10,5.72,4.31,0.59,5.76,4.17,-0.59,5.65,2.76,1.00,6.07,2.73,-0.33,5.27,1.17,1.59,5.7,1.08,0.24,5.11,0.92,1.63,5.42,0.88,0.28,5.9,0.84,1.40,6.35,0.71,0.03,
7.6,6.73,-1.13,7.62,6.9,-1.06,7.61,6.92,-1.06,7.6,6.94,-1.06,7.58,6.9,-1.29,7.56,6.91,-1.29,7.53,6.92,-1.29,7.37,6.99,-0.65,7.28,6.96,-1.68,7.48,6.62,-0.94,7.43,6.62,-1.24,6.89,6.55,-0.01,6.67,6.23,-1.93,7.92,6.07,0.49,7.62,5.2,-2.30,8.96,5.84,0.14,8.67,4.72,-2.34,9.23,5.92,0.11,8.95,4.58,-2.64,9.26,5.92,-0.13,9.02,4.72,-2.57,9.17,5.87,0.03,8.93,4.77,-2.32,5.74,4.31,0.61,5.76,4.17,-0.61,5.71,2.76,1.15,6.1,2.72,-0.21,5.29,1.18,1.91,5.69,1.08,0.52,5.1,0.93,1.97,5.42,0.89,0.57,5.94,0.81,1.74,6.34,0.71,0.25,
7.77,6.57,-1.41,7.8,6.74,-1.35,7.79,6.75,-1.35,7.78,6.77,-1.35,7.76,6.74,-1.57,7.73,6.75,-1.57,7.7,6.76,-1.57,7.55,6.83,-0.94,7.45,6.8,-1.94,7.65,6.46,-1.22,7.6,6.46,-1.51,7.08,6.47,-0.32,6.83,6.06,-2.13,8.1,5.97,0.16,7.7,5.01,-2.47,9.08,5.7,-0.18,8.73,4.49,-2.52,9.36,5.75,-0.25,9.0,4.33,-2.81,9.39,5.75,-0.47,9.09,4.47,-2.78,9.31,5.71,-0.29,9.0,4.54,-2.51,5.9,4.35,0.60,5.75,4.18,-0.60,5.86,2.75,1.08,6.08,2.72,-0.11,5.4,1.18,1.84,5.53,1.1,0.63,5.17,0.94,1.90,5.32,0.89,0.68,6.03,0.81,1.65,6.22,0.71,0.29,
7.95,6.38,-1.61,7.97,6.55,-1.55,7.97,6.57,-1.55,7.96,6.58,-1.55,7.94,6.55,-1.77,7.91,6.56,-1.77,7.88,6.57,-1.77,7.72,6.65,-1.11,7.63,6.61,-2.14,7.81,6.28,-1.41,7.75,6.28,-1.71,7.26,6.4,-0.47,6.94,5.95,-2.32,8.28,5.85,-0.01,7.8,4.82,-2.71,9.21,5.54,-0.43,8.78,4.22,-2.80,9.48,5.59,-0.51,9.06,4.02,-3.11,9.52,5.58,-0.73,9.15,4.15,-3.07,9.45,5.55,-0.54,9.07,4.23,-2.79,6.06,4.39,0.60,5.75,4.21,-0.60,6.06,2.75,0.98,6.05,2.72,-0.12,5.55,1.19,1.83,5.41,1.15,0.65,5.26,0.94,1.88,5.23,0.93,0.70,6.17,0.79,1.57,6.06,0.72,0.29,
8.09,6.1,-1.71,8.14,6.27,-1.65,8.13,6.28,-1.65,8.12,6.3,-1.65,8.11,6.26,-1.87,8.08,6.27,-1.87,8.05,6.28,-1.87,7.89,6.4,-1.23,7.82,6.34,-2.23,7.94,6.03,-1.51,7.89,6.02,-1.80,7.39,6.28,-0.57,7.13,5.81,-2.42,8.4,5.72,-0.12,7.89,4.61,-2.81,9.34,5.34,-0.52,8.81,3.94,-2.89,9.62,5.38,-0.60,9.1,3.73,-3.20,9.67,5.37,-0.82,9.18,3.87,-3.16,9.59,5.34,-0.63,9.11,3.96,-2.88,6.1,4.39,0.61,5.75,4.21,-0.61,6.27,2.75,1.04,6.04,2.73,-0.07,5.76,1.2,2.02,5.33,1.18,0.82,5.37,0.95,2.10,5.13,0.95,0.87,6.34,0.78,1.81,5.84,0.71,0.42,
8.27,5.86,-1.79,8.31,6.03,-1.74,8.31,6.05,-1.74,8.3,6.07,-1.74,8.28,6.02,-1.96,8.25,6.03,-1.96,8.23,6.04,-1.96,8.07,6.18,-1.33,8.0,6.12,-2.33,8.09,5.81,-1.60,8.04,5.8,-1.89,7.54,6.14,-0.64,7.27,5.65,-2.50,8.49,5.56,-0.17,7.95,4.41,-2.88,9.43,5.13,-0.52,8.81,3.58,-2.97,9.74,5.17,-0.58,9.08,3.35,-3.29,9.79,5.15,-0.82,9.19,3.49,-3.24,9.69,5.11,-0.64,9.11,3.58,-2.95,6.08,4.39,0.62,5.75,4.21,-0.62,6.23,2.75,1.32,6.04,2.71,-0.10,5.68,1.2,2.43,5.38,1.18,0.73,5.32,0.96,2.52,5.15,0.96,0.78,6.3,0.78,2.29,5.95,0.74,0.36,
8.44,5.64,-1.79,8.48,5.79,-1.74,8.47,5.81,-1.74,8.47,5.83,-1.74,8.45,5.79,-1.96,8.42,5.8,-1.96,8.39,5.81,-1.96,8.25,5.95,-1.33,8.16,5.89,-2.34,8.26,5.61,-1.60,8.21,5.6,-1.90,7.68,5.95,-0.67,7.4,5.44,-2.52,8.6,5.37,-0.26,8.02,4.17,-2.91,9.55,4.9,-0.67,8.76,3.25,-2.99,9.85,4.91,-0.75,9.02,2.97,-3.32,9.89,4.88,-0.97,9.13,3.1,-3.27,9.78,4.83,-0.78,9.06,3.21,-2.98,6.11,4.39,0.62,5.75,4.21,-0.62,6.52,2.74,1.15,6.03,2.7,-0.12,5.8,1.2,2.12,5.27,1.2,0.78,5.47,0.97,2.20,5.06,0.99,0.83,6.38,0.76,1.95,5.75,0.79,0.39,
8.57,5.37,-1.72,8.63,5.51,-1.67,8.63,5.53,-1.67,8.62,5.55,-1.67,8.6,5.49,-1.89,8.57,5.5,-1.89,8.55,5.51,-1.89,8.41,5.69,-1.27,8.33,5.62,-2.27,8.39,5.37,-1.53,8.34,5.35,-1.82,7.85,5.82,-0.60,7.55,5.23,-2.47,8.77,5.24,-0.23,8.1,3.92,-2.88,9.78,4.7,-0.68,8.76,2.94,-2.97,10.07,4.67,-0.76,8.98,2.57,-3.31,10.08,4.63,-1.00,9.1,2.69,-3.26,9.96,4.6,-0.80,9.05,2.82,-2.96,6.14,4.39,0.64,5.78,4.2,-0.64,6.46,2.73,1.14,6.03,2.68,-0.13,5.74,1.21,2.17,5.25,1.2,0.79,5.47,1.0,2.26,5.02,0.98,0.85,6.34,0.76,2.01,5.84,0.79,0.42,
8.73,5.08,-2.02,8.81,5.2,-1.97,8.81,5.22,-1.97,8.8,5.24,-1.97,8.77,5.2,-2.18,8.74,5.21,-2.18,8.71,5.22,-2.18,8.6,5.4,-1.53,8.49,5.36,-2.48,8.56,5.08,-1.81,8.5,5.08,-2.09,8.09,5.62,-0.79,7.71,5.04,-2.61,9.03,5.07,-0.47,8.14,3.67,-3.02,9.99,4.47,-0.93,8.76,2.59,-3.20,10.26,4.43,-1.02,8.97,2.21,-3.56,10.27,4.39,-1.25,9.07,2.29,-3.50,10.14,4.37,-1.05,9.04,2.42,-3.19,6.28,4.38,0.64,5.9,4.19,-0.65,6.42,2.73,1.08,6.04,2.63,-0.39,5.8,1.2,2.09,5.29,1.2,0.36,5.49,0.99,2.18,5.05,0.98,0.39,6.31,0.76,1.90,5.9,0.63,-0.15,
8.82,4.74,-2.07,8.92,4.86,-2.04,8.92,4.88,-2.04,8.92,4.9,-2.04,8.88,4.86,-2.24,8.85,4.87,-2.24,8.82,4.88,-2.24,8.74,5.09,-1.66,8.6,5.07,-2.56,8.64,4.76,-1.88,8.58,4.76,-2.14,8.26,5.42,-0.94,7.81,4.83,-2.68,9.21,4.88,-0.65,8.2,3.3,-3.10,10.12,4.27,-1.08,8.75,2.15,-3.26,10.36,4.2,-1.16,8.92,1.79,-3.63,10.37,4.15,-1.40,9.07,1.87,-3.55,10.26,4.15,-1.20,9.01,2.01,-3.25,6.28,4.35,0.64,6.01,4.17,-0.64,6.35,2.73,1.24,6.08,2.63,-0.37,5.74,1.18,2.40,5.3,1.17,0.41,5.43,0.96,2.50,5.08,0.97,0.46,6.27,0.76,2.21,5.96,0.68,-0.03,
8.93,4.47,-1.84,9.04,4.58,-1.83,9.04,4.61,-1.83,9.04,4.63,-1.83,9.01,4.58,-2.02,8.99,4.59,-2.02,8.96,4.6,-2.02,8.88,4.83,-1.50,8.76,4.77,-2.39,8.76,4.52,-1.66,8.71,4.51,-1.93,8.47,5.23,-0.77,7.95,4.53,-2.55,9.4,4.6,-0.41,8.21,3.08,-2.91,10.27,4.0,-0.83,8.74,1.86,-3.01,10.52,3.93,-0.91,8.82,1.51,-3.37,10.52,3.87,-1.17,8.98,1.56,-3.29,10.4,3.87,-0.95,8.97,1.7,-2.99,6.24,4.34,0.64,6.17,4.08,-0.64,5.82,2.76,1.62,6.73,2.63,-0.18,5.12,1.19,3.04,5.9,1.23,0.91,4.95,0.97,3.18,5.67,0.98,1.00,5.72,0.6,2.93,6.32,0.72,0.64,
9.01,4.14,-2.03,9.13,4.24,-2.02,9.14,4.26,-2.02,9.14,4.28,-2.02,9.09,4.24,-2.21,9.07,4.26,-2.21,9.05,4.27,-2.21,9.01,4.51,-1.70,8.87,4.47,-2.57,8.85,4.21,-1.85,8.8,4.2,-2.11,8.7,4.99,-1.00,8.01,4.25,-2.66,9.63,4.35,-0.64,8.22,2.85,-3.06,10.5,3.77,-1.04,8.66,1.57,-3.19,10.77,3.66,-1.13,8.69,1.21,-3.55,10.76,3.59,-1.38,8.83,1.24,-3.49,10.64,3.61,-1.16,8.82,1.37,-3.18,6.23,4.3,0.64,6.21,4.03,-0.64,5.57,2.87,1.72,6.8,2.64,-0.59,4.68,1.37,3.17,5.97,1.22,0.25,4.48,1.16,3.31,5.68,0.98,0.31,5.42,0.63,3.05,6.36,0.72,-0.12,
9.13,3.86,-1.85,9.25,3.94,-1.82,9.26,3.96,-1.82,9.26,3.98,-1.82,9.2,3.93,-2.02,9.18,3.95,-2.02,9.15,3.96,-2.02,9.13,4.21,-1.53,8.97,4.15,-2.40,8.97,3.94,-1.66,8.92,3.94,-1.93,8.88,4.77,-0.87,8.12,4.06,-2.53,9.81,4.17,-0.51,8.25,2.7,-2.90,10.68,3.48,-0.99,8.58,1.37,-3.01,10.92,3.34,-1.09,8.6,1.01,-3.36,10.91,3.29,-1.34,8.75,1.04,-3.30,10.81,3.3,-1.11,8.75,1.16,-3.00,6.27,4.31,0.63,6.3,4.02,-0.64,5.27,3.09,1.74,6.79,2.59,-0.44,4.26,1.74,3.16,5.95,1.2,0.37,3.97,1.6,3.30,5.66,0.97,0.41,4.82,1.18,3.04,6.41,0.71,0.03,
9.17,3.69,-1.60,9.31,3.75,-1.63,9.32,3.77,-1.63,9.34,3.79,-1.63,9.26,3.72,-1.79,9.24,3.73,-1.79,9.21,3.73,-1.79,9.27,3.98,-1.42,9.07,3.91,-2.24,9.06,3.78,-1.49,9.0,3.76,-1.70,9.1,4.56,-0.78,8.27,3.81,-2.36,10.04,3.91,-0.39,8.28,2.4,-2.69,10.87,3.19,-0.82,8.53,1.18,-2.80,11.08,3.01,-0.91,8.58,0.86,-3.15,11.07,2.96,-1.15,8.72,0.9,-3.10,11.0,3.0,-0.94,8.7,1.0,-2.80,6.45,4.32,0.63,6.37,4.02,-0.63,5.15,3.36,1.86,6.81,2.59,-0.21,3.81,2.37,3.36,5.92,1.13,0.63,3.52,2.28,3.50,5.68,0.95,0.69,4.18,1.79,3.28,6.4,0.69,0.37,
9.31,3.41,-1.20,9.44,3.47,-1.25,9.46,3.49,-1.25,9.48,3.52,-1.26,9.38,3.43,-1.41,9.36,3.43,-1.41,9.33,3.43,-1.41,9.41,3.71,-1.22,9.2,3.6,-1.95,9.22,3.54,-1.12,9.15,3.51,-1.34,9.29,4.38,-0.69,8.35,3.61,-2.17,10.19,3.65,-0.27,8.28,2.2,-2.52,10.99,2.88,-0.80,8.49,1.06,-2.64,11.23,2.68,-0.88,8.56,0.76,-2.97,11.22,2.63,-1.10,8.68,0.8,-2.92,11.14,2.66,-0.92,8.67,0.9,-2.63,6.53,4.44,0.63,6.53,4.0,-0.63,5.06,3.78,1.90,6.83,2.51,0.22,3.47,3.33,3.36,5.91,1.13,1.28,3.22,3.29,3.51,5.65,0.94,1.37,3.56,2.79,3.29,6.42,0.69,1.16,
9.54,3.27,-0.69,9.65,3.31,-0.78,9.67,3.33,-0.78,9.69,3.36,-0.78,9.58,3.26,-0.92,9.56,3.25,-0.92,9.53,3.24,-0.93,9.62,3.54,-0.89,9.39,3.38,-1.56,9.46,3.39,-0.67,9.38,3.34,-0.87,9.47,4.24,-0.38,8.52,3.48,-1.88,10.31,3.37,0.14,8.34,2.15,-2.15,11.14,2.55,-0.18,8.51,1.02,-2.09,11.34,2.35,-0.23,8.56,0.73,-2.35,11.32,2.29,-0.46,8.67,0.74,-2.29,11.25,2.32,-0.29,8.67,0.83,-2.06,6.5,4.64,0.60,6.64,3.97,-0.60,5.06,4.46,1.96,6.8,2.47,0.59,3.44,4.44,3.48,5.9,1.13,1.80,3.21,4.44,3.64,5.62,0.94,1.91,3.27,4.08,3.45,6.38,0.67,1.74,
9.6,3.04,-1.07,9.71,3.07,-1.12,9.73,3.1,-1.12,9.76,3.13,-1.12,9.62,3.03,-1.28,9.58,3.03,-1.28,9.55,3.03,-1.28,9.71,3.33,-1.05,9.41,3.18,-1.82,9.54,3.17,-0.99,9.43,3.13,-1.21,9.69,4.06,-0.41,8.65,3.36,-2.07,10.4,3.13,-0.10,8.39,2.18,-2.40,11.2,2.22,-0.68,8.51,1.01,-2.43,11.37,2.01,-0.79,8.54,0.74,-2.74,11.34,1.94,-1.01,8.67,0.76,-2.66,11.27,1.97,-0.79,8.68,0.87,-2.41,6.78,4.8,0.59,6.85,3.96,-0.59,5.23,5.13,1.79,6.78,2.49,0.50,3.66,5.55,3.19,5.89,1.13,1.61,3.44,5.59,3.34,5.62,0.94,1.72,3.37,5.42,3.15,6.36,0.67,1.54,
9.5,2.93,-1.14,9.63,2.92,-1.19,9.67,2.95,-1.19,9.7,2.97,-1.19,9.53,2.89,-1.35,9.5,2.89,-1.35,9.46,2.89,-1.35,9.71,3.19,-1.06,9.38,3.05,-1.88,9.47,3.07,-1.06,9.34,3.03,-1.28,9.77,3.98,-0.60,8.7,3.37,-2.11,10.37,3.01,-0.33,8.4,2.23,-2.47,11.12,1.97,-0.89,8.5,1.02,-2.71,11.32,1.75,-1.03,8.5,0.74,-3.05,11.27,1.68,-1.25,8.64,0.75,-2.97,11.18,1.73,-1.00,8.65,0.85,-2.69,7.01,5.04,0.54,6.95,4.04,-0.54,5.58,5.69,1.74,6.72,2.61,0.50,3.94,6.64,3.14,5.87,1.15,1.56,3.69,6.76,3.30,5.6,0.95,1.67,3.83,6.71,3.11,6.36,0.67,1.46,
9.57,2.8,-1.01,9.68,2.8,-1.11,9.72,2.82,-1.11,9.76,2.85,-1.11,9.57,2.74,-1.23,9.53,2.73,-1.23,9.49,2.73,-1.23,9.75,3.07,-1.13,9.4,2.88,-1.80,9.55,2.96,-0.99,9.41,2.91,-1.16,9.84,3.89,-0.77,8.74,3.28,-1.97,10.35,2.92,-0.53,8.4,2.19,-2.31,11.0,1.78,-1.01,8.47,1.01,-2.59,11.19,1.55,-1.16,8.46,0.74,-2.91,11.13,1.47,-1.35,8.61,0.75,-2.85,11.03,1.52,-1.11,8.63,0.85,-2.58,7.14,5.24,0.39,7.02,4.15,-0.39,6.1,6.29,1.46,6.71,2.74,0.72,4.84,7.49,2.65,5.87,1.27,1.64,4.54,7.61,2.80,5.57,1.06,1.74,4.64,7.88,2.65,6.35,0.68,1.57,
9.64,2.74,-0.95,9.74,2.74,-1.06,9.78,2.77,-1.06,9.82,2.8,-1.06,9.61,2.69,-1.16,9.57,2.68,-1.16,9.53,2.68,-1.16,9.82,3.01,-1.23,9.43,2.83,-1.72,9.63,2.9,-0.96,9.48,2.85,-1.09,9.94,3.82,-0.96,8.75,3.22,-1.76,10.38,2.81,-0.76,8.42,2.21,-2.14,10.88,1.63,-1.20,8.44,1.07,-2.55,11.09,1.39,-1.35,8.43,0.76,-2.82,11.08,1.33,-1.50,8.59,0.75,-2.77,10.99,1.39,-1.27,8.6,0.85,-2.54,7.36,5.37,0.20,7.1,4.28,-0.20,6.6,6.81,1.20,6.69,2.93,1.15,5.7,8.21,2.28,5.75,1.57,2.14,5.45,8.42,2.42,5.42,1.41,2.24,5.8,8.71,2.20,6.15,0.91,2.05,
9.68,2.57,-1.07,9.77,2.58,-1.15,9.81,2.61,-1.15,9.86,2.64,-1.15,9.64,2.53,-1.27,9.6,2.53,-1.27,9.56,2.53,-1.27,9.86,2.88,-1.43,9.45,2.71,-1.81,9.67,2.74,-0.99,9.53,2.7,-1.21,10.04,3.71,-1.18,8.8,3.14,-1.81,10.45,2.71,-1.06,8.46,2.18,-2.22,10.87,1.52,-1.54,8.44,1.03,-2.74,10.93,1.27,-1.72,8.45,0.72,-2.99,10.85,1.22,-1.86,8.61,0.72,-2.98,10.77,1.3,-1.62,8.62,0.82,-2.74,7.61,5.44,0.13,7.22,4.4,-0.13,7.14,7.12,1.01,6.67,3.1,1.20,6.55,8.64,1.89,5.45,2.03,2.07,6.38,8.86,2.01,5.08,1.99,2.16,6.76,9.08,1.70,5.71,1.41,1.90,
9.67,2.5,-0.81,9.76,2.5,-0.95,9.8,2.53,-0.95,9.85,2.56,-0.95,9.63,2.45,-1.01,9.6,2.45,-1.01,9.55,2.45,-1.01,9.88,2.79,-1.38,9.46,2.64,-1.55,9.68,2.67,-0.86,9.54,2.63,-0.96,10.13,3.6,-1.09,8.84,3.13,-1.48,10.52,2.57,-0.95,8.5,2.19,-1.76,10.78,1.43,-1.34,8.45,1.13,-2.07,10.72,1.16,-1.49,8.45,0.82,-2.25,10.63,1.11,-1.61,8.6,0.79,-2.23,10.58,1.2,-1.40,8.62,0.89,-2.07,7.84,5.55,0.06,7.39,4.59,-0.06,7.66,7.32,0.94,6.7,3.41,1.33,7.36,8.87,1.76,5.24,2.72,2.19,7.22,9.12,1.87,4.91,2.74,2.28,7.57,9.29,1.57,5.33,1.98,2.04,
9.68,2.53,-0.77,9.78,2.51,-0.90,9.82,2.53,-0.90,9.86,2.55,-0.90,9.66,2.47,-0.95,9.62,2.47,-0.95,9.58,2.47,-0.95,9.9,2.76,-1.29,9.47,2.63,-1.47,9.68,2.69,-0.83,9.55,2.66,-0.91,10.17,3.54,-1.04,8.89,3.11,-1.43,10.55,2.45,-0.96,8.59,2.17,-1.66,10.7,1.3,-1.41,8.48,1.07,-1.97,10.59,1.05,-1.57,8.46,0.79,-2.16,10.5,1.0,-1.69,8.61,0.77,-2.15,10.46,1.09,-1.47,8.62,0.85,-1.97,8.09,5.62,0.07,7.53,4.68,-0.07,8.15,7.45,0.99,6.74,3.64,1.45,8.07,9.03,1.73,5.08,3.42,2.39,7.94,9.31,1.83,4.77,3.49,2.49,8.32,9.4,1.51,5.07,2.72,2.24,
9.7,2.43,-0.59,9.79,2.4,-0.73,9.84,2.43,-0.73,9.88,2.45,-0.73,9.67,2.36,-0.76,9.63,2.36,-0.76,9.59,2.36,-0.76,9.91,2.66,-1.10,9.48,2.53,-1.24,9.7,2.6,-0.67,9.58,2.56,-0.72,10.24,3.46,-0.98,8.93,3.04,-1.16,10.63,2.35,-0.93,8.67,2.08,-1.32,10.63,1.16,-1.43,8.49,0.98,-1.57,10.54,0.95,-1.61,8.47,0.75,-1.73,10.45,0.9,-1.71,8.61,0.73,-1.73,10.42,0.97,-1.49,8.65,0.8,-1.58,8.32,5.68,-0.03,7.64,4.81,0.03,8.64,7.52,0.80,6.74,3.9,1.59,8.67,9.12,1.46,5.03,4.13,2.64,8.51,9.43,1.55,4.74,4.32,2.75,9.04,9.41,1.18,4.9,3.52,2.49,
9.69,2.34,-0.65,9.79,2.32,-0.79,9.84,2.34,-0.79,9.89,2.36,-0.79,9.67,2.27,-0.83,9.62,2.27,-0.83,9.58,2.27,-0.83,9.93,2.58,-1.12,9.47,2.46,-1.30,9.71,2.52,-0.72,9.57,2.49,-0.78,10.3,3.41,-0.97,8.92,3.03,-1.20,10.64,2.25,-0.88,8.69,2.08,-1.30,10.61,1.04,-1.38,8.5,1.01,-1.50,10.55,0.83,-1.57,8.47,0.76,-1.66,10.46,0.8,-1.67,8.62,0.73,-1.68,10.42,0.87,-1.44,8.65,0.81,-1.51,8.63,5.78,-0.03,7.83,5.01,0.03,9.14,7.55,0.64,6.76,4.29,1.75,9.24,9.14,1.18,5.06,4.79,2.93,9.07,9.46,1.26,4.79,4.97,3.06,9.68,9.38,0.87,4.87,4.12,2.81,
9.68,2.35,-0.42,9.79,2.3,-0.57,9.84,2.32,-0.57,9.89,2.33,-0.57,9.65,2.26,-0.61,9.61,2.26,-0.61,9.56,2.25,-0.61,9.94,2.53,-0.95,9.46,2.44,-1.16,9.7,2.54,-0.50,9.56,2.5,-0.57,10.37,3.37,-0.84,8.95,3.06,-1.13,10.66,2.18,-0.68,8.72,2.06,-1.26,10.62,0.99,-1.02,8.5,1.03,-1.44,10.58,0.76,-1.18,8.48,0.77,-1.58,10.48,0.73,-1.26,8.62,0.74,-1.59,10.44,0.8,-1.06,8.66,0.83,-1.44,8.96,5.87,0.01,8.12,5.24,-0.01,9.58,7.54,0.64,6.8,4.68,1.54,9.77,9.17,1.21,5.16,5.5,2.67,9.64,9.51,1.29,4.81,5.75,2.79,10.38,9.3,0.94,5.01,4.91,2.55,
9.65,2.35,-0.11,9.76,2.27,-0.25,9.8,2.28,-0.25,9.85,2.29,-0.25,9.63,2.26,-0.31,9.59,2.26,-0.31,9.54,2.26,-0.31,9.92,2.48,-0.65,9.44,2.45,-0.91,9.68,2.52,-0.19,9.53,2.51,-0.28,10.43,3.32,-0.61,8.98,3.09,-0.90,10.7,2.16,-0.40,8.7,2.1,-1.13,10.68,1.0,-0.65,8.49,1.07,-1.41,10.61,0.76,-0.78,8.48,0.8,-1.56,10.51,0.72,-0.84,8.62,0.76,-1.56,10.46,0.79,-0.68,8.65,0.86,-1.41,9.24,5.91,0.00,8.32,5.37,0.00,10.04,7.48,0.63,6.86,5.12,1.35,10.35,9.09,1.30,5.35,6.16,2.41,10.27,9.45,1.39,5.16,6.46,2.52,11.03,9.15,1.12,5.05,5.65,2.30,
9.65,2.41,-0.21,9.74,2.32,-0.35,9.79,2.33,-0.35,9.84,2.34,-0.35,9.62,2.31,-0.41,9.57,2.32,-0.41,9.53,2.32,-0.41,9.91,2.52,-0.75,9.44,2.5,-1.02,9.68,2.58,-0.30,9.54,2.57,-0.38,10.48,3.27,-0.69,9.02,3.12,-1.01,10.71,2.16,-0.52,8.7,2.08,-1.39,10.71,0.97,-0.82,8.49,1.04,-1.45,10.65,0.75,-0.96,8.48,0.77,-1.81,10.52,0.71,-1.11,8.63,0.74,-1.74,10.47,0.77,-0.91,8.66,0.83,-1.48,9.51,5.92,0.01,8.54,5.5,-0.02,10.47,7.38,0.51,7.04,5.6,1.24,10.97,8.96,1.03,5.77,6.77,2.03,10.97,9.26,1.10,5.64,7.08,2.12,11.6,8.91,0.84,5.15,6.36,1.92,
9.64,2.48,-0.15,9.73,2.38,-0.29,9.78,2.39,-0.29,9.82,2.39,-0.29,9.61,2.38,-0.36,9.57,2.38,-0.36,9.53,2.39,-0.36,9.89,2.53,-0.72,9.43,2.55,-1.01,9.69,2.64,-0.25,9.55,2.63,-0.34,10.52,3.19,-0.70,9.05,3.14,-1.02,10.76,2.12,-0.59,8.68,2.03,-1.43,10.77,0.95,-0.89,8.49,1.03,-1.48,10.72,0.73,-1.01,8.48,0.76,-1.91,10.54,0.69,-1.19,8.63,0.75,-1.88,10.5,0.75,-0.95,8.67,0.85,-1.49,9.77,5.93,0.02,8.72,5.6,-0.02,10.86,7.22,0.46,7.33,5.96,1.03,11.65,8.73,1.00,6.23,7.31,1.73,11.68,9.02,1.08,6.17,7.69,1.80,12.34,8.58,0.83,5.67,7.04,1.58,
9.64,2.44,-0.20,9.73,2.35,-0.37,9.78,2.35,-0.37,9.83,2.36,-0.37,9.6,2.34,-0.41,9.56,2.34,-0.41,9.52,2.35,-0.41,9.91,2.49,-0.82,9.43,2.51,-1.10,9.71,2.59,-0.33,9.56,2.6,-0.40,10.56,3.12,-0.88,9.08,3.13,-1.13,10.8,2.12,-0.84,8.73,2.04,-1.43,10.78,0.94,-1.21,8.49,1.03,-1.74,10.76,0.74,-1.35,8.47,0.75,-1.99,10.54,0.71,-1.44,8.63,0.76,-1.97,10.5,0.76,-1.24,8.67,0.85,-1.74,10.0,5.92,0.02,8.94,5.72,-0.02,11.34,7.13,0.55,7.61,6.31,1.06,12.29,8.59,1.15,6.75,7.79,1.81,12.34,8.78,1.23,6.75,8.19,1.90,12.85,8.25,0.99,6.17,7.61,1.69,
9.69,2.43,-0.20,9.77,2.35,-0.39,9.82,2.36,-0.39,9.88,2.36,-0.39,9.63,2.34,-0.42,9.58,2.35,-0.42,9.53,2.35,-0.42,9.97,2.51,-0.94,9.46,2.51,-1.13,9.77,2.58,-0.36,9.61,2.59,-0.41,10.59,3.11,-0.99,9.11,3.14,-1.14,10.81,2.14,-0.81,8.77,2.06,-1.03,10.81,0.97,-1.20,8.54,1.04,-0.96,10.8,0.76,-1.27,8.47,0.76,-1.06,10.57,0.73,-1.33,8.63,0.76,-1.06,10.53,0.78,-1.20,8.68,0.86,-0.95,10.21,5.91,0.00,9.14,5.83,-0.01,11.74,6.88,0.58,7.94,6.58,1.11,12.94,7.94,1.11,7.27,8.15,1.84,13.05,8.22,1.19,7.29,8.52,1.93,13.47,7.62,0.97,6.57,8.04,1.74,
9.71,2.47,0.00,9.79,2.38,-0.20,9.84,2.39,-0.20,9.9,2.4,-0.20,9.64,2.38,-0.22,9.59,2.38,-0.22,9.54,2.39,-0.23,10.0,2.54,-0.88,9.47,2.54,-0.98,9.79,2.61,-0.19,9.64,2.61,-0.22,10.6,3.12,-0.94,9.14,3.15,-0.96,10.81,2.15,-0.62,8.81,2.06,-0.71,10.85,0.96,-0.71,8.55,1.04,-0.55,10.84,0.76,-0.77,8.47,0.77,-0.61,10.62,0.72,-0.84,8.63,0.76,-0.62,10.58,0.77,-0.73,8.69,0.86,-0.54,10.44,5.9,-0.02,9.38,5.93,0.02,12.04,6.5,0.38,8.3,6.88,1.09,13.56,7.33,0.74,7.82,8.45,1.69,13.71,7.62,0.81,7.89,8.84,1.77,14.04,6.85,0.58,7.16,8.5,1.62,
9.73,2.47,0.05,9.8,2.38,-0.15,9.85,2.39,-0.15,9.9,2.39,-0.15,9.64,2.38,-0.17,9.59,2.39,-0.17,9.54,2.4,-0.17,10.0,2.52,-0.84,9.47,2.55,-0.93,9.8,2.62,-0.13,9.65,2.62,-0.17,10.61,3.11,-0.92,9.16,3.18,-0.91,10.81,2.15,-0.55,8.85,2.11,-0.78,10.86,0.96,-0.62,8.57,1.05,-0.82,10.86,0.75,-0.68,8.47,0.77,-0.91,10.65,0.72,-0.75,8.63,0.77,-0.92,10.62,0.77,-0.64,8.7,0.86,-0.82,10.68,5.88,-0.03,9.63,6.01,0.02,12.34,6.05,0.38,8.71,7.2,1.04,14.01,6.7,0.77,8.39,8.75,1.63,14.18,6.92,0.84,8.48,9.11,1.70,14.55,6.0,0.61,7.74,8.81,1.55,
9.73,2.47,0.15,9.79,2.39,-0.05,9.84,2.4,-0.05,9.9,2.4,-0.05,9.65,2.39,-0.06,9.59,2.4,-0.06,9.54,2.41,-0.06,9.99,2.52,-0.69,9.47,2.56,-0.74,9.81,2.62,-0.03,9.67,2.63,-0.05,10.64,3.08,-0.73,9.2,3.24,-0.73,10.8,2.09,-0.34,8.92,2.16,-0.82,10.85,0.93,-0.33,8.59,1.05,-1.17,10.86,0.74,-0.38,8.48,0.77,-1.30,10.66,0.72,-0.45,8.64,0.77,-1.31,10.62,0.77,-0.34,8.71,0.87,-1.17,10.91,5.88,-0.02,9.89,6.06,0.01,12.55,5.63,0.33,9.15,7.36,0.75,14.36,5.89,0.63,8.97,8.99,1.13,14.59,6.07,0.68,9.1,9.3,1.18,14.8,5.12,0.47,8.28,9.13,1.04,
9.73,2.45,0.19,9.79,2.38,0.00,9.84,2.39,0.00,9.9,2.4,-0.00,9.64,2.39,0.00,9.59,2.4,0.00,9.54,2.41,0.00,9.98,2.52,-0.64,9.47,2.57,-0.63,9.81,2.61,0.02,9.67,2.62,0.02,10.67,3.05,-0.68,9.23,3.27,-0.60,10.8,2.08,-0.37,8.95,2.22,-0.77,10.84,0.92,-0.39,8.59,1.05,-1.27,10.85,0.74,-0.48,8.48,0.77,-1.41,10.66,0.72,-0.54,8.64,0.77,-1.39,10.61,0.77,-0.41,8.71,0.87,-1.27,11.09,5.77,-0.03,10.15,6.06,0.02,12.63,5.14,0.31,9.58,7.46,0.60,14.53,5.09,0.67,9.55,9.1,0.89,14.79,5.18,0.72,9.69,9.35,0.93,14.85,4.31,0.53,8.95,9.3,0.78,
9.72,2.44,0.16,9.77,2.38,-0.04,9.82,2.39,-0.04,9.87,2.39,-0.04,9.63,2.38,-0.03,9.58,2.4,-0.03,9.53,2.42,-0.03,9.95,2.52,-0.66,9.47,2.57,-0.62,9.8,2.6,-0.01,9.66,2.61,0.00,10.69,3.05,-0.67,9.22,3.32,-0.57,10.8,2.07,-0.42,8.92,2.25,-0.62,10.83,0.94,-0.51,8.6,1.07,-1.09,10.85,0.75,-0.61,8.48,0.79,-1.26,10.66,0.73,-0.69,8.66,0.79,-1.29,10.6,0.79,-0.54,8.75,0.87,-1.12,11.23,5.65,-0.04,10.37,6.08,0.04,12.81,4.78,0.26,10.02,7.58,0.51,14.63,4.26,0.59,10.15,9.14,0.80,14.92,4.28,0.63,10.33,9.36,0.83,14.72,3.5,0.44,9.66,9.45,0.66,
9.69,2.46,0.16,9.72,2.39,-0.03,9.76,2.4,-0.03,9.82,2.39,-0.03,9.59,2.42,-0.02,9.55,2.45,-0.02,9.51,2.47,-0.02,9.92,2.53,-0.60,9.47,2.65,-0.57,9.8,2.61,0.00,9.65,2.65,0.00,10.74,3.05,-0.64,9.27,3.43,-0.53,10.8,2.07,-0.45,8.91,2.38,-0.82,10.82,0.96,-0.60,8.62,1.19,-1.67,10.85,0.76,-0.75,8.5,0.92,-1.91,10.66,0.74,-0.81,8.68,0.89,-1.95,10.6,0.8,-0.62,8.77,0.97,-1.72,11.44,5.53,-0.05,10.67,6.07,0.04,12.94,4.35,0.28,10.52,7.63,0.31,14.5,3.58,0.69,10.88,9.19,0.47,14.8,3.55,0.73,11.13,9.39,0.48,14.47,2.77,0.53,10.4,9.53,0.24,
9.64,2.46,0.10,9.66,2.39,-0.08,9.71,2.4,-0.08,9.76,2.4,-0.08,9.54,2.44,-0.07,9.5,2.47,-0.07,9.46,2.49,-0.07,9.88,2.54,-0.61,9.46,2.69,-0.58,9.78,2.61,-0.04,9.64,2.65,-0.03,10.75,3.02,-0.62,9.29,3.48,-0.50,10.8,2.04,-0.45,8.87,2.47,-0.85,10.82,0.96,-0.63,8.61,1.34,-1.78,10.84,0.76,-0.77,8.5,1.09,-2.05,10.65,0.75,-0.84,8.67,1.05,-2.11,10.6,0.81,-0.66,8.76,1.12,-1.83,11.62,5.45,-0.06,10.93,6.08,0.05,12.87,3.95,0.62,11.09,7.7,0.47,14.17,2.81,1.41,11.63,9.09,0.75,14.47,2.81,1.48,11.84,9.29,0.77,13.99,2.06,1.33,11.26,9.49,0.51,
9.59,2.56,0.42,9.61,2.47,0.22,9.66,2.47,0.22,9.71,2.46,0.22,9.48,2.53,0.25,9.44,2.57,0.25,9.4,2.6,0.25,9.85,2.58,-0.33,9.41,2.79,-0.23,9.76,2.69,0.26,9.61,2.75,0.29,10.73,3.0,-0.45,9.29,3.56,-0.14,10.81,2.03,-0.44,8.82,2.63,-0.40,10.82,0.95,-0.68,8.53,1.58,-1.19,10.83,0.74,-0.87,8.45,1.31,-1.44,10.65,0.74,-0.92,8.6,1.24,-1.53,10.6,0.81,-0.70,8.68,1.32,-1.26,11.69,5.38,-0.16,11.15,6.08,0.16,12.68,3.73,0.59,11.71,7.57,0.54,13.87,2.25,1.41,12.43,8.98,0.85,14.13,2.11,1.49,12.68,9.13,0.87,13.82,1.54,1.33,12.08,9.32,0.59,
9.56,2.61,0.23,9.57,2.54,0.06,9.63,2.53,0.06,9.68,2.52,0.06,9.45,2.6,0.06,9.41,2.64,0.06,9.36,2.68,0.06,9.84,2.62,-0.49,9.38,2.88,-0.36,9.74,2.73,0.09,9.59,2.8,0.11,10.73,2.99,-0.71,9.29,3.62,-0.13,10.86,2.05,-0.73,8.73,2.77,0.14,10.83,0.92,-0.88,8.43,1.74,-0.15,10.83,0.72,-1.07,8.36,1.48,-0.29,10.65,0.73,-1.11,8.49,1.4,-0.43,10.61,0.8,-0.89,8.56,1.48,-0.21,11.89,5.18,-0.30,11.36,6.07,0.30,12.65,3.44,0.58,12.2,7.35,0.65,13.64,1.77,1.53,13.18,8.71,1.05,13.88,1.57,1.64,13.4,8.91,1.08,13.26,1.09,1.49,12.94,8.92,0.64,
9.56,2.75,0.47,9.58,2.67,0.29,9.63,2.66,0.29,9.69,2.64,0.29,9.45,2.73,0.32,9.41,2.77,0.32,9.37,2.81,0.32,9.84,2.72,-0.20,9.38,3.01,-0.06,9.74,2.86,0.34,9.59,2.94,0.38,10.75,3.0,-0.37,9.36,3.75,0.13,10.96,2.05,-0.36,8.65,3.07,0.44,10.85,0.89,-0.42,8.26,2.07,0.37,10.84,0.71,-0.59,8.17,1.87,0.26,10.66,0.72,-0.60,8.29,1.77,0.11,10.64,0.79,-0.43,8.37,1.83,0.31,12.05,4.93,-0.28,11.62,5.86,0.28,12.56,3.22,0.54,12.83,7.06,0.54,13.3,1.47,1.51,14.07,8.19,0.87,13.4,1.26,1.61,14.33,8.36,0.89,12.72,0.85,1.56,13.93,8.67,0.62,
9.56,2.85,0.71,9.58,2.79,0.54,9.63,2.77,0.54,9.69,2.75,0.54,9.45,2.87,0.56,9.42,2.91,0.56,9.37,2.95,0.56,9.84,2.83,0.07,9.39,3.14,0.15,9.74,2.93,0.58,9.59,3.03,0.60,10.78,3.01,-0.17,9.43,3.88,0.29,11.03,2.06,-0.04,8.59,3.44,0.60,10.86,0.89,0.09,8.13,2.5,0.67,10.84,0.7,-0.02,8.02,2.3,0.61,10.68,0.72,-0.02,8.12,2.18,0.49,10.67,0.79,0.09,8.19,2.23,0.63,12.17,4.74,-0.29,11.85,5.58,0.29,12.49,3.02,0.37,13.37,6.46,0.50,13.09,1.29,1.44,14.81,7.45,0.71,13.19,1.06,1.59,15.1,7.55,0.73,12.66,0.73,1.39,14.75,7.78,0.53,
9.54,3.03,0.76,9.54,2.95,0.59,9.59,2.93,0.59,9.64,2.91,0.59,9.43,3.05,0.61,9.39,3.09,0.61,9.34,3.14,0.61,9.8,2.97,0.08,9.39,3.31,0.17,9.73,3.09,0.62,9.59,3.21,0.64,10.84,3.01,-0.20,9.46,4.02,0.28,11.06,2.08,-0.23,8.59,3.72,0.40,10.87,0.88,-0.27,8.04,2.85,0.21,10.84,0.69,-0.27,7.9,2.68,0.11,10.71,0.71,-0.45,8.01,2.55,-0.00,10.71,0.79,-0.30,8.09,2.6,0.16,12.35,4.6,-0.30,12.03,5.39,0.30,12.45,2.81,0.30,13.81,5.84,0.47,13.02,1.25,1.22,15.42,6.56,0.80,13.18,1.0,1.33,15.7,6.65,0.83,12.75,0.78,1.24,15.49,6.76,0.57,
9.54,3.31,1.03,9.52,3.22,0.86,9.57,3.19,0.86,9.61,3.16,0.86,9.42,3.33,0.88,9.38,3.37,0.88,9.34,3.41,0.88,9.76,3.2,0.35,9.39,3.54,0.42,9.73,3.34,0.88,9.6,3.48,0.90,10.84,3.03,-0.02,9.62,4.22,0.53,11.03,2.08,-0.18,8.64,4.12,0.60,10.86,0.87,-0.34,8.02,3.37,0.37,10.82,0.68,-0.47,7.8,3.23,0.28,10.71,0.7,-0.47,7.9,3.1,0.18,10.71,0.78,-0.33,7.99,3.13,0.33,12.56,4.66,-0.40,12.29,5.3,0.40,12.44,2.67,0.16,14.08,5.3,0.51,13.06,1.15,1.06,15.61,5.48,1.10,13.21,0.91,1.14,15.84,5.53,1.14,12.68,0.74,0.99,16.06,5.44,0.87,
9.56,3.59,0.72,9.53,3.51,0.54,9.56,3.48,0.54,9.59,3.45,0.54,9.42,3.62,0.57,9.38,3.66,0.57,9.35,3.71,0.57,9.73,3.46,0.00,9.44,3.81,0.14,9.75,3.6,0.57,9.66,3.73,0.60,10.83,3.19,-0.29,9.79,4.44,0.36,11.01,2.21,-0.63,8.79,4.53,0.72,10.86,0.91,-0.92,8.08,3.83,0.71,10.81,0.68,-1.11,7.82,3.7,0.66,10.71,0.72,-1.08,7.89,3.56,0.55,10.71,0.8,-0.91,8.0,3.58,0.67,12.71,4.72,-0.51,12.45,5.19,0.51,12.43,2.65,-0.14,14.64,4.7,0.57,13.07,1.14,0.62,16.09,4.37,1.16,13.25,0.9,0.68,16.36,4.28,1.19,12.6,0.75,0.41,16.48,4.02,0.86,
9.57,4.0,0.86,9.53,3.9,0.68,9.55,3.86,0.68,9.58,3.82,0.68,9.42,4.02,0.71,9.39,4.07,0.71,9.37,4.13,0.71,9.71,3.77,0.13,9.49,4.16,0.25,9.77,3.96,0.70,9.69,4.1,0.73,10.83,3.36,-0.27,9.97,4.68,0.46,11.03,2.42,-0.53,8.9,4.82,0.80,10.82,1.08,-0.76,8.11,4.28,0.82,10.76,0.79,-0.93,7.86,4.18,0.79,10.68,0.81,-0.91,7.93,4.04,0.69,10.69,0.91,-0.75,8.03,4.04,0.79,12.79,4.7,-0.51,12.63,5.21,0.51,12.43,2.65,-0.06,14.68,4.31,0.58,13.04,1.13,0.69,15.93,3.75,1.17,13.23,0.9,0.76,16.24,3.62,1.21,12.57,0.7,0.53,16.17,3.36,0.89,
9.79,4.1,1.35,9.68,4.01,1.18,9.7,3.97,1.18,9.71,3.94,1.18,9.62,4.13,1.24,9.61,4.17,1.24,9.6,4.22,1.24,9.8,3.94,0.58,9.7,4.3,0.84,9.97,4.06,1.17,9.92,4.2,1.24,10.85,3.56,0.07,10.13,4.95,0.97,11.05,2.54,0.08,9.1,5.13,1.48,10.77,1.31,0.31,8.18,4.6,1.69,10.7,0.99,0.19,7.91,4.51,1.65,10.61,0.99,0.20,7.98,4.39,1.53,10.63,1.1,0.32,8.09,4.4,1.65,12.94,4.72,-0.52,12.94,5.17,0.52,12.44,2.72,-0.06,15.08,3.98,0.47,13.06,1.05,0.65,17.01,3.45,0.82,13.24,0.79,0.72,17.31,3.4,0.83,12.49,0.64,0.46,17.4,3.21,0.39,
9.98,4.37,1.33,9.87,4.3,1.16,9.88,4.27,1.16,9.89,4.24,1.16,9.83,4.43,1.22,9.82,4.48,1.22,9.82,4.54,1.22,9.97,4.27,0.61,9.92,4.6,0.86,10.15,4.33,1.16,10.11,4.47,1.23,10.95,3.78,0.09,10.33,5.17,1.03,11.1,2.7,0.09,9.32,5.43,1.47,10.74,1.48,0.35,8.37,4.91,1.54,10.65,1.15,0.23,8.02,4.83,1.50,10.57,1.13,0.26,8.02,4.73,1.38,10.6,1.24,0.37,8.18,4.74,1.50,13.06,4.71,-0.54,13.11,5.13,0.54,12.44,2.71,-0.13,14.88,3.67,0.46,13.04,1.11,0.57,15.89,2.48,0.87,13.26,0.84,0.63,16.22,2.39,0.89,12.49,0.68,0.37,16.86,2.41,0.49,
10.14,4.47,1.27,10.0,4.51,1.15,10.01,4.51,1.15,10.02,4.51,1.15,9.99,4.57,1.20,9.99,4.6,1.20,9.99,4.65,1.20,10.11,4.62,0.75,10.09,4.78,0.95,10.31,4.49,1.14,10.3,4.55,1.20,11.01,4.19,0.24,10.68,5.17,1.13,11.19,3.08,0.11,9.65,5.56,1.76,10.75,1.88,0.24,8.71,5.15,2.16,10.66,1.52,0.12,8.37,5.14,2.17,10.57,1.48,0.16,8.38,5.03,2.07,10.53,2.03,0.26,8.52,5.03,2.13,13.03,4.73,-0.51,13.25,5.02,0.51,12.47,2.77,-0.25,14.58,3.51,0.32,13.04,1.07,0.16,15.61,2.13,0.63,13.26,0.79,0.20,15.91,1.96,0.64,12.41,0.7,-0.14,15.76,1.67,0.22,
10.26,4.56,1.51,10.12,4.68,1.37,10.13,4.69,1.37,10.14,4.7,1.37,10.11,4.73,1.43,10.11,4.77,1.43,10.11,4.82,1.43,10.23,4.86,0.84,10.21,4.99,1.14,10.43,4.61,1.33,10.42,4.67,1.42,11.13,4.42,0.28,10.84,5.44,1.25,11.23,3.21,0.31,9.86,5.8,2.23,10.76,2.04,0.76,8.97,5.47,3.09,10.67,1.76,0.72,8.61,5.44,3.18,10.57,1.75,0.74,8.66,5.34,3.09,10.53,1.9,0.78,8.8,5.33,3.08,13.11,4.75,-0.51,13.35,5.0,0.51,12.52,2.78,-0.23,14.45,3.38,0.31,13.05,1.07,0.14,15.46,1.92,0.50,13.26,0.77,0.19,15.76,1.74,0.51,12.37,0.71,-0.13,15.56,1.4,0.10,
10.32,4.83,1.55,10.21,5.0,1.44,10.23,5.02,1.44,10.24,5.04,1.44,10.19,5.01,1.50,10.19,5.04,1.50,10.2,5.07,1.50,10.37,5.21,0.99,10.34,5.26,1.28,10.51,4.87,1.40,10.5,4.88,1.48,11.28,4.86,0.43,11.05,5.58,1.41,11.32,3.47,0.52,10.13,5.93,2.50,10.78,2.36,1.06,9.28,5.68,3.56,10.67,2.04,1.05,8.95,5.66,3.69,10.57,2.03,1.07,8.95,5.58,3.62,10.55,2.17,1.09,9.09,5.57,3.56,13.24,4.77,-0.51,13.49,4.96,0.51,12.54,2.82,-0.34,14.41,3.26,0.30,13.04,1.05,-0.01,15.38,1.77,0.44,13.18,0.78,0.04,15.67,1.57,0.44,12.33,0.68,-0.26,15.17,1.19,0.04,
10.46,5.22,1.59,10.38,5.36,1.46,10.39,5.38,1.47,10.41,5.4,1.47,10.36,5.37,1.52,10.36,5.39,1.52,10.37,5.42,1.52,10.57,5.54,0.99,10.53,5.59,1.25,10.64,5.22,1.43,10.63,5.23,1.50,11.33,5.1,0.39,11.25,5.78,1.42,11.38,3.66,0.61,10.38,6.09,2.53,10.87,2.66,1.33,9.54,5.86,3.63,10.7,2.29,1.34,9.25,5.84,3.77,10.6,2.27,1.34,9.26,5.76,3.70,10.66,2.41,1.35,9.34,5.75,3.63,13.39,4.78,-0.54,13.63,4.89,0.54,12.62,2.81,-0.40,14.36,3.14,0.35,13.03,1.06,-0.03,15.29,1.64,0.44,13.2,0.8,0.02,15.58,1.4,0.44,12.34,0.71,-0.27,14.88,1.09,0.05,
10.65,5.5,1.12,10.58,5.64,1.14,10.59,5.66,1.15,10.61,5.68,1.14,10.56,5.64,1.41,10.57,5.66,1.41,10.57,5.68,1.41,10.76,5.84,0.84,10.73,5.83,1.29,10.8,5.5,1.12,10.79,5.49,1.48,11.41,5.68,0.36,11.42,5.44,1.52,11.46,4.48,0.86,11.19,4.28,2.50,10.73,4.39,2.05,10.83,2.97,1.12,10.59,4.25,2.12,10.63,2.67,1.12,10.55,4.3,2.17,10.57,2.65,0.94,10.59,4.36,2.10,10.64,2.75,1.03,13.5,4.78,-0.55,13.72,4.78,0.55,12.68,2.83,-0.53,14.29,3.07,0.43,13.02,1.1,-0.21,15.29,1.49,0.58,13.2,0.81,-0.19,15.54,1.2,0.59,12.28,0.72,-0.55,14.53,0.97,0.21,
10.78,5.75,1.06,10.72,5.91,0.99,10.74,5.92,0.99,10.75,5.94,0.99,10.71,5.92,1.18,10.72,5.94,1.18,10.74,5.96,1.18,10.94,6.09,0.77,10.93,6.12,1.10,10.94,5.73,1.00,10.94,5.74,1.34,11.58,5.62,0.17,11.59,5.87,1.46,11.57,4.21,0.40,11.28,4.76,1.90,10.93,3.24,1.05,10.55,3.34,1.56,10.75,2.94,1.03,10.38,3.01,1.57,10.67,2.97,1.04,10.3,2.83,1.42,10.78,3.09,1.08,10.35,2.97,1.50,13.56,4.72,-0.57,13.82,4.75,0.57,12.68,2.85,-0.41,14.25,3.03,0.54,13.02,1.12,0.09,15.12,1.36,0.77,13.21,0.84,0.14,15.42,1.08,0.79,12.26,0.74,-0.19,14.38,0.91,0.48,
10.96,6.02,1.23,10.9,6.18,1.13,10.92,6.19,1.13,10.94,6.2,1.13,10.9,6.2,1.23,10.91,6.22,1.23,10.93,6.25,1.23,11.12,6.32,0.78,11.12,6.37,1.16,11.12,5.96,1.13,11.12,5.98,1.28,11.75,5.74,0.18,11.81,6.04,1.48,11.7,4.33,0.35,11.6,4.82,1.80,10.99,3.21,0.88,10.9,3.83,1.57,10.79,2.9,0.82,10.72,3.65,1.56,10.71,2.94,0.88,10.79,3.13,1.41,10.81,3.04,0.92,10.69,3.61,1.50,13.64,4.66,-0.56,13.88,4.74,0.56,12.74,2.86,-0.47,14.23,2.94,0.53,13.03,1.12,0.04,14.95,1.25,0.76,13.2,0.89,0.09,15.25,0.94,0.78,12.28,0.77,-0.12,14.14,0.83,0.46,
11.02,6.24,0.50,10.99,6.41,0.37,11.01,6.42,0.37,11.02,6.44,0.37,10.98,6.43,0.52,11.0,6.45,0.52,11.03,6.47,0.52,11.23,6.55,0.01,11.23,6.58,0.71,11.18,6.19,0.39,11.18,6.2,0.59,11.94,6.07,-0.53,11.83,6.02,1.29,12.41,4.97,-0.78,11.61,4.67,1.29,12.33,4.05,-0.70,11.0,3.49,0.74,12.31,3.9,-0.85,10.77,3.27,0.75,12.23,3.93,-0.76,10.76,3.21,0.54,12.23,3.98,-0.66,10.84,3.32,0.64,13.67,4.64,-0.58,13.9,4.73,0.58,12.75,2.9,-0.52,14.23,2.9,0.65,13.03,1.12,-0.15,14.9,1.19,0.91,13.06,0.9,-0.11,15.19,0.91,0.93,12.28,0.77,-0.33,14.14,0.88,0.67,
11.23,6.43,0.92,11.21,6.58,0.57,11.23,6.59,0.57,11.24,6.6,0.57,11.22,6.61,0.84,11.25,6.63,0.84,11.28,6.66,0.84,11.43,6.67,0.29,11.47,6.75,0.77,11.37,6.37,0.61,11.39,6.39,0.91,11.96,5.89,-0.34,12.23,6.32,1.31,12.09,4.56,-0.35,11.99,5.98,2.25,11.62,3.57,0.12,10.98,6.13,3.03,11.24,3.34,0.02,10.77,5.53,3.20,11.18,3.4,0.08,10.67,5.48,3.06,11.32,3.48,0.15,10.74,5.45,3.00,13.68,4.56,-0.58,13.98,4.7,0.58,12.78,2.9,-0.40,14.22,2.93,0.65,13.05,1.11,0.20,14.89,1.17,0.86,13.16,0.86,0.29,15.14,0.88,0.88,12.28,0.78,0.23,14.24,0.83,0.62,
11.44,6.55,0.57,11.44,6.73,0.38,11.45,6.74,0.38,11.47,6.75,0.38,11.45,6.74,0.54,11.47,6.76,0.54,11.49,6.78,0.54,11.67,6.8,-0.13,11.71,6.87,0.51,11.58,6.49,0.40,11.59,6.5,0.60,12.18,6.0,-0.68,12.43,6.45,1.04,11.9,4.62,-0.68,12.12,5.62,1.92,11.38,3.65,-0.10,11.14,4.47,2.28,11.02,3.41,-0.19,10.91,4.39,2.41,10.92,3.5,-0.09,10.89,4.45,2.24,11.06,3.58,-0.04,10.94,4.31,2.22,13.79,4.45,-0.57,14.03,4.59,0.57,12.81,2.9,-0.29,14.21,2.85,0.81,13.07,1.11,0.33,14.88,1.15,1.13,13.21,0.85,0.41,15.1,0.87,1.16,12.29,0.79,0.35,14.27,0.82,0.97,
11.64,6.67,0.49,11.65,6.85,0.32,11.66,6.86,0.32,11.68,6.87,0.32,11.65,6.86,0.47,11.66,6.88,0.47,11.68,6.9,0.47,11.89,6.91,-0.19,11.92,6.96,0.47,11.77,6.58,0.33,11.77,6.59,0.53,12.32,6.1,-0.76,12.62,6.5,1.01,11.91,4.88,-0.92,12.45,6.35,2.14,11.37,3.91,-0.51,11.7,6.27,3.14,10.96,3.68,-0.62,11.48,6.37,3.38,10.87,3.78,-0.53,11.48,6.38,3.26,11.0,3.84,-0.46,11.57,6.35,3.13,13.78,4.46,-0.57,14.1,4.59,0.57,12.81,2.93,-0.21,14.23,2.82,0.75,13.09,1.12,0.31,14.88,1.14,0.99,13.25,0.86,0.39,15.1,0.86,1.02,12.36,0.8,0.36,14.26,0.81,0.81,
11.85,6.81,0.80,11.85,6.99,0.49,11.86,6.99,0.48,11.88,7.0,0.48,11.85,7.01,0.74,11.87,7.02,0.74,11.89,7.04,0.74,12.09,7.01,0.04,12.16,7.07,0.50,11.97,6.69,0.45,11.99,6.71,0.79,12.44,6.14,-0.57,12.86,6.57,1.16,11.92,4.98,-0.54,12.97,6.42,2.38,11.34,4.14,0.15,12.07,6.32,3.50,10.92,3.93,0.14,11.86,6.44,3.75,10.84,4.03,0.19,11.85,6.43,3.65,10.97,4.09,0.22,11.93,6.39,3.49,13.79,4.45,-0.52,14.25,4.61,0.51,12.82,2.93,-0.25,14.28,2.83,0.77,13.1,1.14,0.10,14.88,1.18,0.98,13.3,0.87,0.16,15.1,0.88,1.01,12.42,0.8,0.33,14.28,0.81,0.90,
12.02,6.86,0.72,12.03,7.04,0.51,12.04,7.04,0.51,12.06,7.05,0.51,12.03,7.05,0.69,12.05,7.07,0.69,12.07,7.08,0.69,12.28,7.06,-0.08,12.31,7.11,0.62,12.14,6.74,0.51,12.15,6.76,0.74,12.61,6.28,-0.69,13.01,6.58,1.16,12.07,5.16,-0.89,13.07,6.31,2.19,11.28,4.36,-0.46,12.53,6.35,3.17,10.92,4.18,-0.55,12.3,6.43,3.42,10.84,4.26,-0.47,12.37,6.48,3.35,10.96,4.31,-0.41,12.29,6.38,3.17,13.83,4.44,-0.52,14.29,4.58,0.52,12.84,2.94,-0.29,14.3,2.85,0.75,13.12,1.17,0.03,14.88,1.15,0.97,13.31,0.9,0.08,15.1,0.86,1.00,12.44,0.86,0.06,14.27,0.8,0.80,
12.21,6.95,0.62,12.21,7.11,0.45,12.22,7.12,0.45,12.24,7.13,0.45,12.21,7.13,0.63,12.22,7.14,0.63,12.24,7.16,0.63,12.45,7.16,-0.04,12.47,7.19,0.71,12.32,6.84,0.47,12.33,6.85,0.71,12.74,6.37,-0.58,13.26,6.64,1.18,12.17,5.26,-1.02,13.8,6.16,2.11,11.27,4.53,-0.97,13.76,5.64,2.89,10.94,4.36,-1.13,13.77,5.42,2.98,10.87,4.43,-0.99,13.7,5.55,2.93,10.99,4.47,-0.91,13.68,5.66,2.92,13.84,4.45,-0.51,14.34,4.58,0.51,12.89,2.98,-0.27,14.33,2.85,0.78,13.18,1.18,0.05,14.88,1.15,1.11,13.35,0.95,0.13,15.1,0.88,1.14,12.5,0.88,0.07,14.26,0.82,0.97,
12.31,6.98,0.44,12.31,7.16,0.27,12.33,7.17,0.27,12.35,7.18,0.27,12.31,7.17,0.46,12.32,7.18,0.46,12.34,7.19,0.46,12.56,7.22,-0.17,12.58,7.24,0.66,12.43,6.88,0.30,12.43,6.87,0.55,12.82,6.42,-0.67,13.45,6.71,1.13,12.23,5.32,-1.06,14.03,5.9,1.78,11.32,4.64,-0.91,14.0,4.95,2.15,11.02,4.49,-1.06,13.99,4.67,2.28,10.94,4.57,-0.93,13.92,4.69,2.12,11.06,4.6,-0.84,13.93,4.81,2.10,13.87,4.47,-0.51,14.41,4.58,0.51,12.96,3.01,-0.26,14.33,2.85,0.89,13.32,1.24,0.13,14.88,1.13,1.31,13.52,0.99,0.17,15.1,0.89,1.35,12.64,0.9,0.08,14.25,0.81,1.18,
12.43,7.06,0.59,12.42,7.23,0.43,12.44,7.24,0.43,12.46,7.26,0.43,12.42,7.23,0.53,12.43,7.24,0.53,12.44,7.26,0.53,12.67,7.29,-0.06,12.69,7.31,0.80,12.55,6.95,0.44,12.54,6.95,0.58,12.91,6.48,-0.59,13.64,6.73,1.21,12.27,5.38,-0.87,14.21,5.89,1.81,11.38,4.74,-0.64,14.14,4.93,2.33,11.1,4.59,-0.78,14.09,4.6,2.47,11.02,4.67,-0.66,14.03,4.66,2.33,11.12,4.7,-0.59,14.05,4.78,2.29,13.9,4.48,-0.51,14.47,4.59,0.51,13.02,3.02,-0.29,14.33,2.84,0.89,13.43,1.25,0.07,14.88,1.12,1.28,13.61,1.01,0.11,15.08,0.88,1.32,12.73,0.89,-0.02,14.25,0.81,1.15,
12.52,7.14,0.76,12.52,7.31,0.61,12.54,7.32,0.61,12.56,7.33,0.61,12.51,7.31,0.77,12.52,7.32,0.77,12.53,7.33,0.77,12.77,7.36,0.15,12.79,7.37,0.93,12.64,7.04,0.62,12.62,7.03,0.84,12.95,6.54,-0.42,13.8,6.78,1.38,12.33,5.44,-0.62,14.43,5.89,2.12,11.42,4.84,-0.17,14.13,5.13,2.71,11.15,4.7,-0.27,14.06,4.76,2.87,11.08,4.77,-0.17,13.97,4.87,2.73,11.18,4.81,-0.11,13.99,5.02,2.66,13.98,4.54,-0.52,14.53,4.62,0.52,13.13,3.04,-0.47,14.33,2.87,0.66,13.53,1.26,-0.18,14.89,1.1,0.83,13.76,1.01,-0.15,15.08,0.82,0.84,12.84,0.87,-0.30,14.26,0.8,0.63,
12.6,7.19,0.80,12.61,7.37,0.64,12.62,7.38,0.64,12.64,7.39,0.64,12.6,7.37,0.80,12.61,7.38,0.80,12.63,7.39,0.80,12.85,7.4,0.15,12.88,7.42,0.91,12.71,7.09,0.64,12.7,7.08,0.86,12.99,6.61,-0.43,13.92,6.8,1.34,12.38,5.5,-0.62,14.58,5.9,2.06,11.46,4.92,-0.17,14.13,5.33,2.64,11.21,4.77,-0.26,14.11,5.03,2.80,11.14,4.84,-0.16,14.02,5.1,2.67,11.23,4.87,-0.11,14.03,5.21,2.60,14.0,4.56,-0.53,14.56,4.66,0.53,13.24,3.04,-0.51,14.33,2.89,0.62,13.67,1.27,-0.25,14.89,1.11,0.76,13.91,1.01,-0.22,15.08,0.82,0.77,12.95,0.86,-0.36,14.26,0.83,0.57,
12.69,7.22,0.70,12.7,7.41,0.55,12.72,7.42,0.55,12.74,7.43,0.55,12.69,7.41,0.73,12.7,7.42,0.73,12.71,7.43,0.73,12.94,7.43,0.10,12.97,7.45,0.87,12.8,7.12,0.55,12.78,7.11,0.79,13.06,6.66,-0.51,14.01,6.78,1.32,12.42,5.54,-0.69,14.7,5.88,2.04,11.5,4.96,-0.19,14.33,5.23,2.61,11.25,4.8,-0.30,14.34,4.92,2.77,11.19,4.87,-0.19,14.25,5.03,2.65,11.27,4.91,-0.14,14.27,5.16,2.59,14.04,4.59,-0.55,14.58,4.69,0.55,13.39,3.04,-0.59,14.35,2.89,0.54,13.85,1.28,-0.35,14.89,1.1,0.64,14.06,1.02,-0.33,15.05,0.82,0.64,13.09,0.86,-0.52,14.26,0.77,0.39,
12.77,7.23,0.66,12.79,7.42,0.50,12.81,7.43,0.50,12.82,7.44,0.50,12.78,7.42,0.68,12.8,7.43,0.69,12.81,7.44,0.69,13.03,7.44,0.00,13.06,7.46,0.84,12.88,7.13,0.50,12.87,7.11,0.74,13.14,6.72,-0.65,14.1,6.76,1.29,12.47,5.6,-0.87,14.83,5.85,1.84,11.56,5.02,-0.41,14.59,5.06,2.20,11.31,4.86,-0.49,14.58,4.77,2.34,11.26,4.93,-0.41,14.48,4.84,2.21,11.34,4.97,-0.35,14.47,4.95,2.16,14.06,4.6,-0.57,14.58,4.69,0.57,13.56,3.04,-0.51,14.36,2.9,0.67,13.96,1.28,-0.30,14.88,1.11,0.77,14.18,1.02,-0.28,15.02,0.84,0.78,13.23,0.86,-0.48,14.28,0.8,0.56,
12.84,7.23,0.49,12.85,7.42,0.33,12.87,7.43,0.33,12.89,7.44,0.33,12.85,7.41,0.52,12.87,7.42,0.52,12.89,7.43,0.52,13.11,7.44,-0.14,13.12,7.45,0.69,12.96,7.12,0.34,12.95,7.11,0.58,13.21,6.72,-0.78,14.19,6.73,1.15,12.52,5.64,-1.01,14.97,5.79,1.64,11.61,5.05,-0.56,14.76,4.95,1.84,11.36,4.89,-0.64,14.73,4.68,1.96,11.32,4.96,-0.56,14.63,4.74,1.82,11.4,5.0,-0.50,14.62,4.83,1.79,14.09,4.59,-0.58,14.61,4.69,0.58,13.74,3.04,-0.49,14.38,2.91,0.64,14.15,1.28,-0.24,14.85,1.11,0.78,14.41,1.09,-0.22,14.99,0.82,0.78,13.41,0.84,-0.44,14.24,0.71,0.54,
12.92,7.23,0.48,12.94,7.41,0.33,12.96,7.42,0.33,12.98,7.44,0.33,12.93,7.41,0.52,12.95,7.42,0.52,12.96,7.43,0.52,13.2,7.45,-0.13,13.2,7.45,0.70,13.04,7.12,0.33,13.03,7.12,0.57,13.29,6.73,-0.76,14.26,6.72,1.17,12.6,5.68,-1.04,15.05,5.75,1.67,11.7,5.09,-0.64,14.9,4.87,1.85,11.41,4.91,-0.74,14.88,4.61,1.97,11.36,4.98,-0.65,14.79,4.66,1.83,11.45,5.02,-0.58,14.77,4.74,1.80,14.12,4.6,-0.59,14.67,4.69,0.59,13.8,3.02,-0.47,14.44,2.91,0.64,14.2,1.27,-0.29,14.84,1.12,0.75,14.46,1.13,-0.28,14.99,0.83,0.75,13.52,0.81,-0.52,14.25,0.74,0.48,
12.98,7.24,0.55,13.0,7.42,0.40,13.02,7.43,0.40,13.04,7.45,0.40,12.99,7.42,0.57,13.01,7.43,0.57,13.03,7.44,0.57,13.25,7.46,-0.08,13.27,7.46,0.73,13.1,7.14,0.40,13.09,7.13,0.63,13.34,6.74,-0.71,14.32,6.71,1.18,12.66,5.69,-1.00,15.11,5.7,1.56,11.77,5.1,-0.69,15.06,4.75,1.52,11.48,4.92,-0.79,15.08,4.5,1.59,11.43,5.0,-0.70,15.0,4.5,1.46,11.52,5.03,-0.62,14.96,4.59,1.46,14.16,4.63,-0.60,14.72,4.69,0.60,13.89,3.01,-0.50,14.45,2.91,0.64,14.34,1.26,-0.38,14.83,1.13,0.74,14.61,1.03,-0.37,14.99,0.84,0.73,13.66,0.78,-0.62,14.25,0.67,0.46,
13.04,7.25,0.57,13.06,7.43,0.40,13.08,7.44,0.40,13.11,7.45,0.40,13.06,7.42,0.58,13.08,7.43,0.58,13.1,7.44,0.58,13.31,7.46,-0.04,13.34,7.46,0.76,13.16,7.14,0.42,13.15,7.14,0.65,13.38,6.75,-0.67,14.36,6.7,1.18,12.67,5.68,-0.96,15.11,5.66,1.51,11.79,5.08,-0.65,15.1,4.66,1.44,11.52,4.92,-0.76,15.13,4.4,1.52,11.48,5.0,-0.66,15.06,4.39,1.37,11.57,5.03,-0.59,15.02,4.47,1.38,14.18,4.64,-0.60,14.75,4.68,0.60,13.99,2.96,-0.52,14.48,2.91,0.64,14.47,1.25,-0.44,14.8,1.13,0.70,14.72,0.98,-0.44,14.97,0.85,0.69,13.75,0.76,-0.72,14.13,0.67,0.43,
13.09,7.26,0.57,13.12,7.44,0.42,13.13,7.45,0.42,13.16,7.46,0.42,13.11,7.44,0.59,13.13,7.44,0.59,13.15,7.45,0.59,13.37,7.46,-0.05,13.39,7.46,0.74,13.21,7.15,0.42,13.2,7.15,0.64,13.42,6.75,-0.69,14.41,6.69,1.13,12.7,5.67,-0.95,15.11,5.61,1.51,11.83,5.07,-0.59,15.01,4.65,1.61,11.57,4.91,-0.68,15.02,4.39,1.71,11.52,4.99,-0.59,14.95,4.38,1.58,11.61,5.01,-0.52,14.92,4.49,1.56,14.21,4.62,-0.59,14.77,4.65,0.59,14.06,2.91,-0.44,14.51,2.88,0.76,14.52,1.24,-0.38,14.8,1.13,0.71,14.74,0.96,-0.38,14.98,0.85,0.72,13.78,0.76,-0.62,14.15,0.73,0.45,
13.12,7.29,0.51,13.15,7.47,0.36,13.17,7.48,0.36,13.2,7.49,0.36,13.15,7.46,0.54,13.17,7.47,0.54,13.19,7.48,0.54,13.42,7.48,-0.10,13.43,7.48,0.69,13.25,7.17,0.35,13.24,7.17,0.58,13.46,6.76,-0.74,14.46,6.69,1.09,12.75,5.69,-0.97,15.07,5.58,1.48,11.87,5.07,-0.57,14.95,4.68,1.58,11.62,4.9,-0.66,14.95,4.41,1.68,11.57,4.98,-0.57,14.86,4.46,1.54,11.65,5.0,-0.51,14.85,4.53,1.52,14.25,4.62,-0.59,14.78,4.65,0.59,14.11,2.9,-0.44,14.54,2.87,0.75,14.58,1.22,-0.37,14.81,1.14,0.74,14.8,0.94,-0.37,14.98,0.86,0.75,13.8,0.76,-0.62,14.16,0.81,0.49,
13.17,7.3,0.44,13.2,7.48,0.29,13.23,7.49,0.29,13.25,7.5,0.29,13.19,7.48,0.47,13.21,7.48,0.47,13.23,7.49,0.47,13.47,7.5,-0.16,13.46,7.5,0.64,13.3,7.19,0.29,13.28,7.18,0.52,13.52,6.79,-0.77,14.49,6.68,1.07,12.81,5.72,-1.01,15.02,5.58,1.48,11.92,5.09,-0.68,14.93,4.7,1.58,11.68,4.91,-0.78,14.93,4.45,1.67,11.63,4.98,-0.70,14.88,4.5,1.53,11.71,5.01,-0.62,14.84,4.56,1.52,14.29,4.62,-0.59,14.78,4.65,0.59,14.18,2.88,-0.49,14.56,2.87,0.75,14.63,1.21,-0.34,14.81,1.19,0.95,14.84,0.92,-0.33,14.99,0.87,0.96,13.84,0.76,-0.61,14.17,0.89,0.73,
13.22,7.32,0.35,13.25,7.5,0.20,13.27,7.51,0.20,13.3,7.52,0.20,13.24,7.5,0.38,13.25,7.5,0.38,13.27,7.51,0.38,13.51,7.52,-0.25,13.51,7.51,0.57,13.34,7.21,0.21,13.33,7.2,0.44,13.56,6.8,-0.85,14.52,6.68,1.01,12.86,5.74,-1.04,15.0,5.57,1.44,11.96,5.1,-0.64,14.91,4.73,1.58,11.72,4.93,-0.73,14.91,4.47,1.68,11.67,4.99,-0.66,14.84,4.51,1.54,11.76,5.02,-0.59,14.82,4.59,1.52,14.33,4.62,-0.59,14.78,4.65,0.59,14.22,2.88,-0.49,14.54,2.87,0.80,14.69,1.18,-0.33,14.82,1.24,1.06,14.89,0.91,-0.32,15.0,0.9,1.07,13.9,0.76,-0.58,14.18,0.94,0.85,
13.27,7.34,0.06,13.31,7.52,-0.06,13.33,7.53,-0.06,13.36,7.54,-0.06,13.29,7.51,0.12,13.3,7.52,0.12,13.31,7.52,0.12,13.56,7.53,-0.41,13.54,7.52,0.42,13.4,7.22,-0.03,13.37,7.21,0.20,13.61,6.81,-0.94,14.5,6.71,0.99,12.93,5.8,-1.23,14.97,5.62,1.48,12.02,5.14,-1.00,14.84,4.72,1.58,11.76,4.98,-1.12,14.85,4.47,1.69,11.73,5.04,-1.05,14.79,4.52,1.53,11.82,5.07,-0.95,14.78,4.6,1.52,14.36,4.62,-0.60,14.79,4.65,0.59,14.25,2.88,-0.50,14.53,2.89,0.78,14.77,1.18,-0.31,14.85,1.29,1.01,14.97,0.91,-0.31,15.04,0.95,1.02,13.99,0.76,-0.58,14.19,0.97,0.77,
13.3,7.36,-0.09,13.34,7.54,-0.22,13.37,7.55,-0.22,13.4,7.56,-0.22,13.32,7.53,-0.03,13.33,7.54,-0.03,13.34,7.54,-0.03,13.61,7.55,-0.51,13.57,7.54,0.33,13.43,7.24,-0.17,13.4,7.23,0.07,13.67,6.83,-1.00,14.46,6.74,0.96,12.98,5.81,-1.28,14.66,5.66,1.37,12.07,5.17,-1.03,14.63,4.73,1.26,11.81,5.02,-1.17,14.66,4.48,1.32,11.77,5.08,-1.10,14.58,4.53,1.15,11.87,5.11,-0.98,14.59,4.61,1.18,14.41,4.64,-0.59,14.78,4.66,0.59,14.3,2.89,-0.48,14.5,2.93,0.78,14.86,1.18,-0.17,14.89,1.33,1.07,15.07,0.91,-0.15,15.09,0.99,1.08,14.08,0.76,-0.49,14.23,1.01,0.82,
13.33,7.36,-0.07,13.37,7.55,-0.19,13.4,7.56,-0.19,13.43,7.57,-0.19,13.34,7.54,-0.00,13.35,7.55,-0.00,13.36,7.55,-0.00,13.64,7.56,-0.49,13.59,7.55,0.36,13.46,7.25,-0.15,13.43,7.24,0.09,13.72,6.84,-0.98,14.44,6.78,1.00,13.03,5.85,-1.20,14.59,5.76,1.43,12.11,5.22,-0.86,14.48,4.78,1.36,11.84,5.06,-0.98,14.5,4.54,1.42,11.8,5.12,-0.91,14.42,4.56,1.25,11.91,5.15,-0.81,14.43,4.65,1.28,14.45,4.68,-0.60,14.77,4.69,0.60,14.34,2.89,-0.51,14.47,2.96,0.77,14.94,1.18,-0.19,14.93,1.35,1.01,15.17,0.92,-0.18,15.15,1.02,1.02,14.16,0.77,-0.57,14.26,1.0,0.77,
