1.9,6.86,-0.70,1.92,6.98,-0.67,1.93,6.99,-0.67,1.93,7.0,-0.67,1.86,6.98,-0.76,1.83,6.99,-0.76,1.79,7.0,-0.76,1.82,7.02,-0.38,1.62,7.03,-0.81,1.84,6.78,-0.58,1.76,6.78,-0.70,1.88,6.61,-0.02,1.17,6.58,-0.93,2.34,5.87,0.15,0.94,5.53,-1.16,2.92,5.25,-0.11,1.28,4.66,-1.22,3.13,5.16,-0.16,1.32,4.37,-1.34,3.13,5.12,-0.28,1.46,4.42,-1.37,3.03,5.14,-0.17,1.46,4.52,-1.23,1.05,4.87,0.26,0.82,4.85,-0.26,0.91,3.6,0.21,1.09,3.59,-0.28,0.17,2.47,0.33,1.39,2.4,-0.09,0.0,2.16,0.33,1.36,2.2,-0.08,0.59,2.1,0.08,1.86,2.06,-0.37,
2.03,6.83,-0.87,2.05,6.95,-0.83,2.05,6.96,-0.83,2.06,6.97,-0.83,2.0,6.96,-0.95,1.96,6.97,-0.95,1.92,6.98,-0.95,1.91,7.01,-0.54,1.73,7.01,-1.05,1.96,6.73,-0.74,1.88,6.74,-0.89,1.96,6.61,-0.18,1.17,6.53,-1.11,2.42,5.87,0.01,0.96,5.52,-1.31,3.0,5.25,-0.30,1.28,4.63,-1.38,3.24,5.11,-0.36,1.33,4.35,-1.50,3.21,5.06,-0.49,1.48,4.4,-1.55,3.1,5.1,-0.37,1.47,4.49,-1.39,1.2,4.9,0.27,0.88,4.88,-0.27,0.96,3.62,0.20,1.14,3.66,-0.28,0.22,2.49,0.28,1.39,2.4,-0.07,0.0,2.32,0.27,1.37,2.19,-0.06,0.65,2.12,0.02,1.91,2.06,-0.33,
2.14,6.7,-0.89,2.17,6.83,-0.86,2.17,6.84,-0.86,2.18,6.85,-0.86,2.13,6.83,-0.97,2.1,6.85,-0.97,2.07,6.86,-0.97,2.05,6.91,-0.57,1.89,6.91,-1.05,2.07,6.61,-0.76,2.01,6.62,-0.90,2.05,6.53,-0.21,1.23,6.43,-1.11,2.53,5.83,-0.03,1.07,5.44,-1.30,3.08,5.22,-0.36,1.37,4.55,-1.34,3.31,5.04,-0.43,1.43,4.28,-1.46,3.27,4.99,-0.54,1.56,4.31,-1.51,3.17,5.04,-0.42,1.56,4.4,-1.36,1.21,4.89,0.27,0.91,4.88,-0.27,1.06,3.62,0.20,1.21,3.66,-0.27,0.3,2.53,0.29,1.39,2.4,-0.04,0.05,2.41,0.28,1.37,2.18,-0.04,0.8,2.14,0.03,1.9,2.06,-0.28,
2.25,6.54,-1.14,2.27,6.67,-1.11,2.28,6.68,-1.11,2.28,6.69,-1.11,2.22,6.67,-1.21,2.19,6.68,-1.21,2.15,6.7,-1.21,2.15,6.76,-0.84,1.97,6.75,-1.28,2.17,6.47,-1.01,2.11,6.48,-1.14,2.17,6.44,-0.44,1.26,6.25,-1.30,2.69,5.76,-0.22,1.26,5.26,-1.43,3.23,5.09,-0.43,1.5,4.38,-1.42,3.45,4.93,-0.49,1.56,4.12,-1.53,3.41,4.87,-0.60,1.69,4.16,-1.59,3.32,4.9,-0.49,1.69,4.24,-1.43,1.31,4.88,0.27,0.91,4.89,-0.27,1.19,3.63,0.20,1.28,3.66,-0.27,0.4,2.56,0.29,1.39,2.4,-0.05,0.13,2.43,0.28,1.37,2.18,-0.04,0.89,2.15,0.05,1.9,2.02,-0.28,
2.33,6.37,-1.26,2.37,6.5,-1.24,2.38,6.51,-1.24,2.38,6.52,-1.24,2.32,6.5,-1.33,2.29,6.52,-1.33,2.26,6.53,-1.33,2.27,6.6,-0.96,2.08,6.61,-1.36,2.26,6.3,-1.13,2.21,6.31,-1.25,2.31,6.31,-0.57,1.36,6.17,-1.35,2.83,5.67,-0.39,1.35,5.14,-1.46,3.32,4.95,-0.61,1.62,4.26,-1.46,3.56,4.82,-0.68,1.68,4.0,-1.58,3.52,4.75,-0.79,1.81,4.05,-1.62,3.39,4.78,-0.67,1.82,4.14,-1.47,1.37,4.86,0.26,0.91,4.89,-0.26,1.25,3.63,0.21,1.35,3.66,-0.30,0.51,2.57,0.34,1.37,2.4,-0.07,0.25,2.43,0.34,1.36,2.19,-0.06,0.9,2.19,0.15,1.87,2.01,-0.29,
2.47,6.21,-1.39,2.5,6.32,-1.37,2.51,6.34,-1.37,2.52,6.35,-1.37,2.45,6.33,-1.46,2.42,6.35,-1.46,2.38,6.37,-1.46,2.41,6.45,-1.09,2.2,6.45,-1.46,2.39,6.15,-1.25,2.32,6.15,-1.36,2.49,6.19,-0.71,1.47,6.1,-1.39,2.99,5.53,-0.54,1.42,5.06,-1.48,3.47,4.79,-0.74,1.72,4.15,-1.49,3.71,4.64,-0.81,1.78,3.89,-1.62,3.66,4.6,-0.92,1.91,3.92,-1.67,3.52,4.64,-0.79,1.91,4.02,-1.51,1.46,4.86,0.23,0.94,4.89,-0.23,1.3,3.64,0.20,1.37,3.67,-0.25,0.6,2.58,0.35,1.37,2.4,-0.01,0.34,2.46,0.35,1.36,2.2,0.00,0.87,2.26,0.14,1.8,1.98,-0.24,
2.59,6.02,-1.47,2.63,6.12,-1.45,2.64,6.13,-1.45,2.65,6.15,-1.45,2.57,6.14,-1.53,2.53,6.15,-1.53,2.49,6.17,-1.53,2.54,6.25,-1.16,2.32,6.26,-1.53,2.51,5.96,-1.33,2.43,5.96,-1.44,2.59,6.06,-0.79,1.55,5.94,-1.43,3.08,5.43,-0.61,1.51,4.92,-1.49,3.62,4.65,-0.79,1.85,4.0,-1.50,3.85,4.49,-0.86,1.9,3.74,-1.63,3.8,4.47,-0.98,2.06,3.77,-1.66,3.68,4.5,-0.85,2.06,3.86,-1.51,1.51,4.86,0.22,0.97,4.91,-0.22,1.43,3.64,0.15,1.38,3.7,-0.17,0.8,2.57,0.33,1.37,2.43,0.07,0.55,2.44,0.33,1.35,2.24,0.08,1.07,2.24,0.13,1.63,2.09,-0.14,
2.69,5.85,-1.64,2.74,5.96,-1.63,2.75,5.97,-1.63,2.76,5.98,-1.63,2.67,5.98,-1.71,2.63,5.99,-1.71,2.59,6.01,-1.71,2.66,6.07,-1.34,2.42,6.08,-1.69,2.61,5.79,-1.50,2.52,5.8,-1.60,2.68,5.95,-0.91,1.63,5.76,-1.55,3.18,5.32,-0.69,1.61,4.75,-1.56,3.74,4.51,-0.89,1.96,3.82,-1.60,3.95,4.35,-0.98,2.02,3.59,-1.75,3.9,4.33,-1.10,2.17,3.62,-1.78,3.79,4.36,-0.94,2.18,3.69,-1.61,1.57,4.86,0.22,1.01,4.91,-0.22,1.5,3.65,0.16,1.44,3.7,-0.18,0.92,2.57,0.60,1.33,2.44,0.23,0.66,2.42,0.64,1.25,2.28,0.27,1.21,2.24,0.45,1.58,2.11,0.03,
2.74,5.66,-1.90,2.8,5.77,-1.89,2.81,5.78,-1.89,2.82,5.79,-1.89,2.73,5.79,-1.98,2.69,5.81,-1.98,2.64,5.83,-1.98,2.73,5.88,-1.55,2.48,5.91,-1.95,2.67,5.61,-1.73,2.58,5.63,-1.85,2.82,5.78,-1.08,1.71,5.66,-1.74,3.31,5.12,-0.91,1.68,4.65,-1.79,3.89,4.33,-1.18,2.1,3.69,-1.86,4.08,4.2,-1.28,2.16,3.44,-2.03,4.04,4.16,-1.40,2.3,3.47,-2.05,3.93,4.19,-1.24,2.3,3.55,-1.87,1.69,4.83,0.22,1.08,4.91,-0.22,1.52,3.6,-0.07,1.52,3.71,-0.48,0.95,2.55,0.54,1.34,2.45,0.12,0.68,2.43,0.59,1.24,2.32,0.15,1.12,2.23,0.32,1.6,2.12,-0.08,
2.86,5.43,-1.81,2.92,5.56,-1.81,2.93,5.57,-1.82,2.94,5.58,-1.82,2.85,5.56,-1.91,2.81,5.57,-1.91,2.77,5.59,-1.91,2.82,5.69,-1.56,2.6,5.68,-2.00,2.77,5.4,-1.67,2.7,5.42,-1.80,2.84,5.73,-1.15,1.76,5.42,-1.80,3.4,5.01,-0.94,1.82,4.38,-1.81,3.99,4.18,-1.13,2.26,3.53,-1.84,4.2,4.04,-1.23,2.31,3.25,-2.03,4.15,4.02,-1.35,2.45,3.3,-2.04,4.04,4.06,-1.19,2.45,3.38,-1.85,1.75,4.8,0.22,1.14,4.87,-0.22,1.52,3.56,0.31,1.58,3.77,-0.45,1.0,2.55,1.20,1.33,2.56,0.27,0.77,2.46,1.28,1.22,2.41,0.34,1.27,2.23,1.14,1.61,2.17,0.15,
2.91,5.23,-1.94,2.97,5.34,-1.94,2.98,5.36,-1.94,2.99,5.37,-1.94,2.91,5.35,-2.05,2.88,5.37,-2.05,2.84,5.38,-2.05,2.89,5.5,-1.67,2.68,5.49,-2.14,2.82,5.22,-1.79,2.75,5.24,-1.93,2.89,5.59,-1.21,1.86,5.3,-1.96,3.5,4.83,-1.03,1.94,4.21,-2.02,4.15,4.06,-1.24,2.4,3.33,-2.07,4.35,3.91,-1.33,2.43,3.09,-2.27,4.31,3.84,-1.46,2.57,3.15,-2.28,4.2,3.89,-1.30,2.58,3.21,-2.08,1.74,4.76,0.25,1.14,4.83,-0.25,1.52,3.56,0.53,1.59,3.81,-0.62,1.01,2.55,1.46,1.32,2.61,0.22,0.79,2.46,1.54,1.2,2.44,0.22,1.32,2.24,1.36,1.59,2.21,0.07,
3.07,5.03,-1.86,3.13,5.12,-1.87,3.13,5.13,-1.87,3.14,5.15,-1.87,3.07,5.12,-1.98,3.03,5.13,-1.98,3.0,5.14,-1.98,3.02,5.28,-1.62,2.82,5.27,-2.13,2.99,5.01,-1.72,2.92,5.02,-1.87,2.98,5.51,-1.14,2.01,5.15,-1.97,3.64,4.76,-0.90,2.06,4.07,-2.01,4.28,3.92,-1.12,2.52,3.18,-2.11,4.5,3.79,-1.23,2.56,2.94,-2.34,4.43,3.71,-1.37,2.7,2.97,-2.36,4.31,3.74,-1.19,2.7,3.05,-2.13,1.79,4.72,0.29,1.21,4.78,-0.29,1.59,3.63,0.86,1.54,3.67,-0.06,1.11,2.59,1.77,1.17,2.59,0.55,0.91,2.47,1.85,0.92,2.42,0.59,1.48,2.26,1.68,1.54,2.22,0.28,
3.15,4.83,-2.04,3.2,4.91,-2.05,3.21,4.93,-2.05,3.22,4.94,-2.05,3.15,4.92,-2.17,3.12,4.93,-2.17,3.08,4.94,-2.17,3.12,5.07,-1.81,2.92,5.07,-2.34,3.08,4.84,-1.90,3.01,4.86,-2.05,3.05,5.4,-1.31,2.14,5.01,-2.17,3.77,4.6,-1.06,2.16,3.9,-2.21,4.39,3.71,-1.30,2.61,3.01,-2.37,4.61,3.6,-1.43,2.67,2.77,-2.64,4.55,3.54,-1.59,2.79,2.8,-2.67,4.42,3.56,-1.38,2.79,2.87,-2.40,1.82,4.7,0.31,1.27,4.78,-0.31,1.64,3.63,1.05,1.52,3.59,0.18,1.18,2.59,2.20,0.93,2.57,0.95,1.07,2.49,2.31,0.67,2.42,1.01,1.55,2.26,2.10,1.34,2.23,0.62,
3.22,4.63,-2.15,3.28,4.7,-2.17,3.29,4.72,-2.17,3.3,4.73,-2.17,3.22,4.7,-2.29,3.19,4.71,-2.29,3.16,4.72,-2.29,3.21,4.88,-1.94,3.01,4.86,-2.48,3.16,4.65,-2.01,3.09,4.66,-2.17,3.18,5.26,-1.43,2.27,4.83,-2.27,3.88,4.43,-1.18,2.34,3.76,-2.29,4.47,3.56,-1.43,2.75,2.84,-2.48,4.69,3.45,-1.56,2.79,2.61,-2.76,4.64,3.39,-1.73,2.92,2.64,-2.80,4.51,3.42,-1.52,2.92,2.7,-2.52,1.85,4.69,0.33,1.36,4.73,-0.33,1.57,3.6,1.13,1.51,3.6,0.13,0.93,2.66,2.39,1.13,2.56,0.90,0.66,2.6,2.51,1.05,2.39,0.96,1.31,2.26,2.30,1.47,2.19,0.61,
3.29,4.47,-1.61,3.35,4.52,-1.64,3.37,4.53,-1.64,3.38,4.54,-1.64,3.28,4.52,-1.75,3.25,4.53,-1.76,3.21,4.54,-1.76,3.29,4.69,-1.62,3.08,4.68,-2.31,3.22,4.5,-1.52,3.14,4.51,-1.68,3.29,5.11,-1.22,2.35,4.7,-1.97,3.97,4.23,-1.02,2.48,3.62,-2.02,4.56,3.44,-1.21,2.88,2.66,-2.14,4.76,3.3,-1.32,2.91,2.45,-2.37,4.72,3.26,-1.45,3.04,2.47,-2.39,4.61,3.29,-1.27,3.03,2.53,-2.16,1.79,4.7,0.34,1.47,4.66,-0.34,1.45,3.67,1.41,1.55,3.61,0.24,0.47,2.96,2.74,1.33,2.46,0.89,0.19,2.93,2.88,1.22,2.31,0.94,0.7,2.48,2.76,1.73,2.18,0.69,
3.34,4.27,-1.57,3.43,4.32,-1.61,3.45,4.33,-1.61,3.47,4.34,-1.61,3.36,4.32,-1.71,3.32,4.34,-1.71,3.29,4.36,-1.71,3.4,4.49,-1.56,3.16,4.52,-2.30,3.27,4.31,-1.48,3.19,4.33,-1.62,3.46,4.88,-1.12,2.46,4.59,-1.90,4.12,4.04,-0.91,2.56,3.51,-1.96,4.66,3.25,-1.16,3.01,2.54,-2.07,4.87,3.09,-1.27,3.05,2.31,-2.31,4.82,3.06,-1.42,3.16,2.34,-2.32,4.71,3.1,-1.23,3.15,2.41,-2.09,1.94,4.68,0.33,1.55,4.68,-0.33,1.45,3.68,1.07,1.33,3.62,0.50,0.58,3.06,2.15,0.82,2.86,1.30,0.46,3.03,2.27,0.66,2.78,1.37,0.86,2.53,2.15,1.03,2.37,1.17,
3.47,4.13,-1.54,3.56,4.18,-1.57,3.58,4.19,-1.57,3.6,4.21,-1.57,3.48,4.19,-1.67,3.45,4.21,-1.67,3.41,4.23,-1.67,3.56,4.38,-1.54,3.29,4.38,-2.04,3.39,4.2,-1.45,3.31,4.22,-1.58,3.62,4.76,-1.11,2.6,4.46,-1.87,4.21,3.9,-0.93,2.7,3.31,-1.96,4.77,3.08,-1.28,3.09,2.36,-2.15,4.97,2.91,-1.40,3.17,2.1,-2.42,4.93,2.87,-1.56,3.29,2.17,-2.42,4.82,2.92,-1.36,3.27,2.24,-2.17,2.22,4.75,0.33,1.73,4.67,-0.33,2.63,3.87,1.48,1.69,3.51,0.32,2.3,3.48,2.90,1.23,2.55,0.99,2.2,3.44,3.05,1.07,2.44,1.05,2.53,3.2,2.96,1.56,2.31,0.74,
3.59,4.01,-1.58,3.69,4.05,-1.59,3.71,4.07,-1.59,3.74,4.08,-1.59,3.61,4.06,-1.70,3.58,4.07,-1.70,3.55,4.09,-1.70,3.72,4.25,-1.52,3.45,4.25,-1.99,3.53,4.1,-1.47,3.45,4.1,-1.59,3.76,4.64,-1.12,2.74,4.35,-1.92,4.31,3.81,-0.98,2.8,3.29,-2.09,4.89,2.92,-1.37,3.16,2.3,-2.31,5.08,2.77,-1.51,3.21,2.06,-2.62,5.05,2.72,-1.67,3.33,2.11,-2.60,4.95,2.75,-1.45,3.33,2.19,-2.33,2.3,4.81,0.37,1.87,4.67,-0.37,2.39,4.46,1.71,1.76,3.46,0.35,1.98,4.56,3.25,1.32,2.44,1.08,1.88,4.58,3.41,1.16,2.31,1.14,2.07,4.43,3.32,1.48,1.97,0.83,
3.7,3.81,-1.35,3.81,3.84,-1.39,3.83,3.86,-1.39,3.85,3.88,-1.39,3.74,3.85,-1.50,3.71,3.87,-1.50,3.68,3.89,-1.50,3.84,4.06,-1.34,3.58,4.07,-1.81,3.63,3.91,-1.29,3.56,3.93,-1.42,3.87,4.52,-1.08,2.87,4.3,-1.75,4.44,3.67,-0.93,2.88,3.18,-1.84,5.01,2.76,-1.25,3.16,2.22,-2.00,5.17,2.61,-1.37,3.2,1.99,-2.25,5.15,2.56,-1.52,3.33,2.03,-2.22,5.06,2.6,-1.32,3.34,2.1,-2.01,2.34,4.81,0.29,1.93,4.82,-0.29,2.12,4.3,0.57,1.29,5.05,0.35,1.53,4.33,1.35,0.36,6.13,1.28,1.37,3.85,1.42,0.24,6.27,1.36,1.54,3.1,1.27,0.22,5.93,1.10,
3.85,3.71,-1.45,3.95,3.73,-1.47,3.97,3.75,-1.47,4.0,3.76,-1.47,3.88,3.74,-1.57,3.85,3.76,-1.57,3.82,3.78,-1.57,3.98,3.94,-1.37,3.72,3.95,-1.83,3.79,3.8,-1.36,3.71,3.81,-1.49,4.04,4.46,-1.04,3.02,4.26,-1.75,4.55,3.56,-0.96,2.92,3.18,-1.99,5.13,2.68,-1.36,3.17,2.25,-2.18,5.31,2.52,-1.50,3.16,2.0,-2.46,5.29,2.48,-1.65,3.29,2.03,-2.42,5.19,2.52,-1.44,3.31,2.11,-2.19,2.44,4.97,0.34,2.15,4.85,-0.34,1.92,5.8,1.07,1.72,3.89,0.25,0.99,6.64,2.06,1.06,3.05,1.02,1.01,6.73,2.17,0.86,2.88,1.06,0.93,6.7,2.07,1.39,2.8,0.79,
3.93,3.61,-1.43,4.03,3.63,-1.45,4.05,3.65,-1.45,4.08,3.66,-1.46,3.96,3.64,-1.54,3.93,3.65,-1.55,3.9,3.67,-1.55,4.09,3.87,-1.36,3.83,3.87,-1.78,3.88,3.71,-1.35,3.8,3.72,-1.48,4.16,4.39,-1.04,3.15,4.33,-1.76,4.62,3.55,-1.04,2.9,3.34,-2.07,5.24,2.6,-1.45,3.17,2.31,-2.42,5.45,2.44,-1.60,3.17,2.11,-2.71,5.41,2.39,-1.73,3.31,2.15,-2.66,5.29,2.42,-1.52,3.32,2.22,-2.43,2.64,5.14,0.33,2.28,4.94,-0.33,2.02,6.27,1.12,1.76,3.86,0.29,1.29,7.24,2.08,1.21,2.78,0.98,1.2,7.39,2.19,0.99,2.67,1.04,1.23,7.43,2.04,1.52,2.43,0.84,
4.02,3.52,-1.43,4.12,3.54,-1.47,4.15,3.56,-1.47,4.18,3.58,-1.47,4.04,3.54,-1.55,4.01,3.56,-1.55,3.98,3.57,-1.55,4.21,3.79,-1.39,3.92,3.78,-1.76,4.0,3.63,-1.38,3.91,3.64,-1.48,4.33,4.32,-1.11,3.28,4.18,-1.73,4.75,3.47,-1.19,2.97,3.33,-2.03,5.35,2.54,-1.61,3.15,2.32,-2.40,5.58,2.39,-1.77,3.16,2.12,-2.67,5.54,2.34,-1.89,3.32,2.16,-2.63,5.41,2.37,-1.68,3.33,2.22,-2.41,2.79,5.22,0.29,2.5,4.95,-0.29,2.34,6.52,0.78,1.84,3.88,0.26,1.71,7.67,1.45,1.19,2.88,0.89,1.54,7.82,1.53,0.97,2.83,0.94,1.96,8.03,1.29,1.45,2.45,0.79,
4.08,3.4,-1.40,4.18,3.4,-1.46,4.21,3.41,-1.46,4.24,3.42,-1.46,4.1,3.43,-1.53,4.07,3.45,-1.54,4.04,3.48,-1.54,4.29,3.62,-1.41,4.0,3.7,-1.79,4.08,3.51,-1.36,3.99,3.55,-1.47,4.45,4.2,-1.21,3.41,4.26,-1.71,4.91,3.36,-1.13,3.04,3.41,-1.85,5.48,2.45,-1.45,3.1,2.35,-2.10,5.7,2.28,-1.62,3.11,2.13,-2.34,5.67,2.24,-1.73,3.26,2.15,-2.33,5.56,2.28,-1.52,3.27,2.21,-2.12,2.89,5.14,0.15,2.82,5.26,-0.15,2.15,4.33,0.68,2.72,6.64,0.41,1.26,3.69,1.68,2.1,7.7,1.24,1.05,3.69,1.77,1.9,7.83,1.30,1.33,3.08,1.57,2.34,8.14,0.98,
4.13,3.3,-1.24,4.21,3.31,-1.37,4.24,3.32,-1.37,4.27,3.34,-1.37,4.12,3.3,-1.40,4.09,3.31,-1.40,4.06,3.33,-1.40,4.33,3.54,-1.58,4.0,3.51,-1.75,4.15,3.42,-1.29,4.05,3.42,-1.33,4.63,4.15,-1.38,3.48,3.96,-1.64,5.05,3.26,-1.34,3.11,3.36,-1.74,5.55,2.38,-1.68,3.13,2.28,-2.04,5.72,2.2,-1.87,3.13,2.05,-2.26,5.69,2.15,-1.95,3.29,2.07,-2.29,5.61,2.2,-1.73,3.31,2.14,-2.07,3.17,5.38,0.16,2.8,5.14,-0.16,3.05,6.66,0.89,2.27,6.32,0.63,2.43,7.58,1.83,1.22,4.63,1.36,2.24,7.72,1.95,0.98,4.61,1.44,2.68,8.04,1.80,1.06,4.53,1.28,
4.19,3.26,-0.92,4.27,3.26,-1.05,4.31,3.28,-1.05,4.34,3.29,-1.05,4.18,3.26,-1.07,4.14,3.27,-1.07,4.1,3.28,-1.08,4.4,3.5,-1.38,4.05,3.44,-1.47,4.2,3.38,-0.98,4.08,3.38,-1.02,4.74,4.11,-1.26,3.52,3.85,-1.42,5.15,3.19,-1.19,3.13,3.33,-1.55,5.57,2.32,-1.52,3.13,2.32,-1.92,5.74,2.15,-1.69,3.12,2.08,-2.13,5.68,2.11,-1.78,3.28,2.11,-2.17,5.59,2.15,-1.57,3.3,2.17,-1.95,3.38,5.55,0.17,2.86,5.07,-0.17,3.43,6.85,0.92,2.25,4.97,0.58,2.82,7.73,1.85,1.07,4.75,1.31,2.64,7.84,1.96,0.85,4.91,1.39,3.05,8.09,1.80,0.9,4.36,1.27,
4.27,3.21,-0.57,4.37,3.19,-0.68,4.4,3.21,-0.68,4.44,3.22,-0.68,4.27,3.19,-0.71,4.23,3.2,-0.71,4.2,3.2,-0.71,4.51,3.43,-0.95,4.16,3.35,-1.09,4.3,3.34,-0.62,4.18,3.34,-0.67,4.86,4.03,-0.84,3.65,3.79,-1.09,5.19,3.15,-0.81,3.25,3.33,-1.21,5.58,2.29,-1.12,3.14,2.29,-1.49,5.77,2.14,-1.27,3.1,2.07,-1.68,5.65,2.09,-1.34,3.29,2.09,-1.71,5.56,2.14,-1.16,3.33,2.16,-1.51,3.63,5.65,0.15,3.02,5.08,-0.15,3.74,6.91,0.89,2.28,4.71,0.57,3.08,7.77,1.73,1.1,5.32,1.29,2.87,7.86,1.82,0.87,5.51,1.36,3.35,8.07,1.72,0.86,5.18,1.28,
4.4,3.15,-0.36,4.48,3.11,-0.48,4.51,3.12,-0.48,4.54,3.14,-0.48,4.38,3.11,-0.50,4.34,3.13,-0.50,4.3,3.14,-0.50,4.59,3.34,-0.77,4.26,3.3,-0.89,4.43,3.28,-0.43,4.3,3.31,-0.46,5.06,3.91,-0.63,3.81,3.8,-0.93,5.35,3.14,-0.55,3.33,3.36,-0.97,5.64,2.27,-0.84,3.15,2.34,-1.12,5.78,2.11,-0.96,3.11,2.12,-1.29,5.66,2.09,-1.05,3.31,2.14,-1.32,5.57,2.14,-0.88,3.36,2.21,-1.14,3.9,5.64,0.17,3.32,5.18,-0.17,3.99,6.99,0.90,2.41,4.9,0.48,3.28,7.82,1.71,1.36,5.89,1.23,3.04,7.97,1.81,1.24,6.17,1.29,3.53,8.24,1.75,0.95,5.73,1.14,
4.6,3.15,-0.09,4.67,3.12,-0.21,4.7,3.14,-0.21,4.73,3.15,-0.21,4.58,3.11,-0.22,4.54,3.11,-0.22,4.5,3.12,-0.22,4.75,3.34,-0.57,4.43,3.25,-0.62,4.61,3.28,-0.18,4.5,3.28,-0.19,5.16,3.92,-0.48,3.89,3.78,-0.66,5.52,3.17,-0.36,3.37,3.35,-0.60,5.7,2.28,-0.54,3.14,2.33,-0.57,5.8,2.1,-0.62,3.09,2.11,-0.67,5.67,2.09,-0.70,3.28,2.09,-0.68,5.6,2.16,-0.57,3.33,2.16,-0.57,4.11,5.77,0.15,3.53,5.38,-0.15,4.14,7.14,0.58,2.45,5.31,0.47,3.39,8.05,1.09,1.67,6.44,1.15,3.19,8.23,1.16,1.66,6.68,1.20,3.74,8.42,1.10,1.06,6.17,1.11,
4.74,3.2,0.01,4.82,3.17,-0.12,4.85,3.18,-0.12,4.89,3.2,-0.12,4.71,3.15,-0.13,4.67,3.15,-0.13,4.62,3.15,-0.13,4.94,3.38,-0.50,4.54,3.28,-0.56,4.76,3.32,-0.09,4.64,3.32,-0.11,5.29,3.92,-0.45,4.02,3.77,-0.63,5.64,3.14,-0.33,3.53,3.33,-0.60,5.73,2.27,-0.52,3.2,2.34,-0.62,5.81,2.08,-0.59,3.11,2.12,-0.72,5.67,2.08,-0.68,3.29,2.09,-0.74,5.61,2.16,-0.55,3.34,2.16,-0.63,4.33,5.87,0.11,3.7,5.48,-0.12,4.26,7.22,0.39,2.56,5.61,0.46,3.55,8.29,0.70,1.89,6.68,0.87,3.34,8.44,0.74,1.91,6.92,0.92,3.89,8.65,0.66,1.22,6.59,0.91,
4.93,3.18,-0.06,4.97,3.17,-0.19,5.0,3.19,-0.19,5.04,3.21,-0.19,4.88,3.16,-0.20,4.84,3.16,-0.20,4.79,3.17,-0.20,5.08,3.39,-0.56,4.67,3.31,-0.61,4.94,3.29,-0.16,4.84,3.28,-0.18,5.39,3.93,-0.49,4.15,3.76,-0.69,5.69,3.16,-0.41,3.59,3.17,-0.74,5.73,2.29,-0.63,3.4,2.32,-0.82,5.81,2.09,-0.70,3.3,2.09,-0.93,5.66,2.09,-0.79,3.46,2.09,-0.93,5.6,2.17,-0.66,3.52,2.17,-0.82,4.5,5.93,0.10,3.9,5.58,-0.10,4.39,7.27,0.10,2.71,5.95,0.32,3.69,8.34,0.10,1.91,7.06,0.32,3.45,8.51,0.11,1.88,7.37,0.32,3.99,8.79,-0.09,1.33,6.92,0.18,
5.07,3.24,-0.07,5.13,3.23,-0.20,5.17,3.25,-0.20,5.21,3.26,-0.20,5.02,3.22,-0.20,4.99,3.22,-0.20,4.95,3.23,-0.20,5.24,3.43,-0.60,4.83,3.37,-0.62,5.1,3.34,-0.18,4.98,3.34,-0.19,5.51,3.98,-0.57,4.28,3.81,-0.71,5.73,3.17,-0.54,3.77,3.17,-0.73,5.74,2.29,-0.79,3.72,2.31,-0.80,5.81,2.09,-0.90,3.68,2.09,-0.91,5.67,2.1,-0.99,3.88,2.1,-0.92,5.61,2.17,-0.84,3.91,2.17,-0.81,4.67,6.02,0.07,4.04,5.72,-0.07,4.55,7.33,0.12,2.84,6.24,0.34,3.86,8.4,0.14,2.08,7.32,0.42,3.65,8.58,0.15,2.05,7.61,0.43,4.18,8.83,-0.09,1.61,7.26,0.26,
5.18,3.28,-0.03,5.26,3.27,-0.15,5.3,3.28,-0.15,5.34,3.3,-0.15,5.15,3.25,-0.15,5.11,3.26,-0.15,5.07,3.27,-0.15,5.39,3.47,-0.49,4.98,3.41,-0.52,5.22,3.38,-0.12,5.08,3.38,-0.13,5.66,4.02,-0.47,4.44,3.85,-0.56,5.83,3.18,-0.43,4.01,3.17,-0.54,5.77,2.28,-0.61,4.2,2.32,-0.55,5.83,2.09,-0.66,4.22,2.1,-0.64,5.7,2.09,-0.73,4.41,2.13,-0.63,5.65,2.15,-0.64,4.46,2.21,-0.55,4.83,6.12,0.06,4.15,5.8,-0.06,4.73,7.34,0.36,3.0,6.52,0.30,4.06,8.38,0.14,2.25,7.66,-0.16,3.86,8.54,0.12,2.24,7.93,-0.21,4.42,8.85,-0.11,1.79,7.59,-0.45,
5.32,3.3,-0.10,5.39,3.29,-0.20,5.43,3.31,-0.20,5.47,3.32,-0.20,5.28,3.28,-0.21,5.25,3.28,-0.21,5.21,3.29,-0.21,5.52,3.5,-0.52,5.12,3.43,-0.57,5.36,3.41,-0.18,5.23,3.4,-0.20,5.76,4.04,-0.47,4.59,3.87,-0.60,5.95,3.2,-0.41,4.32,3.11,-0.52,5.88,2.31,-0.53,4.55,2.31,-0.39,5.92,2.13,-0.54,4.54,2.11,-0.43,5.79,2.12,-0.59,4.78,2.14,-0.41,5.75,2.17,-0.55,4.82,2.22,-0.38,4.91,6.17,0.06,4.21,5.88,-0.06,4.9,7.34,0.37,3.18,6.73,0.24,4.29,8.3,-0.09,2.45,7.9,-0.61,4.07,8.43,-0.14,2.44,8.15,-0.69,4.59,8.78,-0.39,2.03,7.91,-0.97,
5.41,3.3,0.13,5.49,3.3,0.01,5.53,3.32,0.01,5.57,3.34,0.01,5.38,3.29,0.02,5.35,3.3,0.02,5.31,3.31,0.02,5.63,3.51,-0.38,5.22,3.44,-0.34,5.46,3.42,0.02,5.33,3.41,0.03,5.88,4.09,-0.41,4.73,3.88,-0.39,6.17,3.22,-0.42,4.56,3.11,-0.26,6.08,2.34,-0.56,4.65,2.27,-0.12,6.06,2.14,-0.56,4.64,2.08,-0.14,5.95,2.13,-0.61,4.83,2.11,-0.10,5.92,2.19,-0.57,4.86,2.18,-0.10,4.99,6.18,0.03,4.27,5.93,-0.03,5.11,7.33,0.57,3.37,6.85,0.27,4.48,8.18,-0.14,2.64,8.08,-0.78,4.27,8.26,-0.20,2.66,8.33,-0.87,4.78,8.65,-0.38,2.28,8.1,-1.11,
5.54,3.31,0.11,5.61,3.31,-0.02,5.65,3.33,-0.02,5.69,3.35,-0.02,5.49,3.3,-0.01,5.45,3.3,-0.01,5.41,3.31,-0.01,5.74,3.52,-0.43,5.32,3.44,-0.38,5.59,3.43,-0.00,5.45,3.42,0.01,6.0,4.14,-0.44,4.81,3.88,-0.42,6.43,3.23,-0.43,4.57,3.11,-0.25,6.34,2.41,-0.53,4.6,2.26,-0.06,6.34,2.2,-0.53,4.59,2.07,-0.07,6.22,2.19,-0.58,4.79,2.09,-0.04,6.19,2.24,-0.54,4.81,2.16,-0.04,5.08,6.16,0.03,4.37,5.93,-0.04,5.3,7.23,0.79,3.61,7.02,0.28,4.66,8.0,0.14,2.96,8.23,-0.78,4.43,8.11,0.10,2.96,8.46,-0.88,4.96,8.46,0.01,2.55,8.26,-1.08,
5.68,3.31,0.21,5.73,3.31,0.10,5.77,3.32,0.10,5.81,3.34,0.10,5.61,3.29,0.09,5.57,3.3,0.09,5.53,3.31,0.09,5.85,3.52,-0.26,5.43,3.44,-0.29,5.72,3.43,0.11,5.58,3.42,0.10,6.12,4.15,-0.25,4.9,3.88,-0.40,6.66,3.24,-0.27,4.59,3.13,-0.31,6.72,2.44,-0.41,4.55,2.27,-0.15,6.76,2.24,-0.43,4.54,2.07,-0.18,6.61,2.21,-0.47,4.73,2.09,-0.14,6.56,2.26,-0.42,4.76,2.17,-0.13,5.22,6.15,0.04,4.46,5.93,-0.04,5.52,7.23,0.77,3.76,7.07,0.28,4.89,7.8,0.16,3.26,8.28,-0.92,4.68,7.75,0.12,3.27,8.51,-1.04,5.03,8.42,0.10,2.87,8.4,-1.20,
5.74,3.29,-0.18,5.8,3.29,-0.30,5.84,3.31,-0.30,5.88,3.33,-0.30,5.69,3.27,-0.32,5.65,3.28,-0.32,5.61,3.29,-0.32,5.92,3.5,-0.62,5.52,3.42,-0.71,5.78,3.42,-0.25,5.64,3.41,-0.28,6.22,4.15,-0.44,4.98,3.88,-0.79,6.76,3.25,-0.44,4.6,3.14,-0.68,7.05,2.45,-0.61,4.58,2.28,-0.29,7.18,2.24,-0.66,4.56,2.07,-0.27,7.03,2.21,-0.72,4.76,2.09,-0.36,6.95,2.26,-0.62,4.78,2.17,-0.33,5.36,6.13,0.14,4.6,5.93,-0.14,5.72,7.24,1.34,3.92,7.08,0.45,5.09,7.46,1.35,3.53,8.35,-0.51,4.86,7.32,1.38,3.58,8.58,-0.52,5.02,7.8,1.48,3.14,8.48,-0.68,
5.78,3.29,-0.29,5.86,3.27,-0.42,5.91,3.29,-0.42,5.95,3.31,-0.42,5.75,3.25,-0.45,5.71,3.26,-0.45,5.67,3.26,-0.45,6.01,3.48,-0.76,5.58,3.39,-0.91,5.82,3.43,-0.37,5.68,3.42,-0.41,6.29,4.15,-0.60,5.07,3.87,-0.99,6.81,3.25,-0.53,4.64,3.14,-0.94,7.22,2.43,-0.69,4.61,2.28,-0.84,7.41,2.22,-0.74,4.58,2.08,-0.93,7.28,2.18,-0.82,4.77,2.09,-0.91,7.18,2.24,-0.71,4.81,2.17,-0.83,5.49,6.11,0.18,4.74,5.92,-0.19,5.9,7.21,1.30,4.06,7.05,0.56,5.11,7.21,1.23,3.81,8.31,-0.15,5.03,7.06,1.25,3.89,8.51,-0.19,4.91,7.63,1.41,3.42,8.5,-0.27,
5.86,3.24,-0.06,5.93,3.2,-0.18,5.98,3.22,-0.18,6.03,3.24,-0.18,5.81,3.18,-0.21,5.77,3.18,-0.21,5.73,3.19,-0.21,6.09,3.39,-0.53,5.64,3.3,-0.69,5.9,3.38,-0.14,5.75,3.37,-0.19,6.39,4.04,-0.43,5.17,3.83,-0.81,6.88,3.19,-0.35,4.71,3.14,-0.64,7.25,2.36,-0.47,4.64,2.3,-0.29,7.42,2.17,-0.48,4.59,2.09,-0.32,7.3,2.13,-0.55,4.78,2.1,-0.26,7.22,2.19,-0.48,4.82,2.17,-0.25,5.64,6.1,0.17,4.91,5.91,-0.17,6.1,7.22,0.96,4.22,6.93,0.50,5.28,7.17,0.57,4.13,8.11,-0.48,5.19,7.03,0.58,4.19,8.29,-0.56,5.07,7.65,1.17,3.75,8.42,-0.58,
5.93,3.15,0.15,6.0,3.12,0.04,6.04,3.14,0.04,6.09,3.16,0.04,5.88,3.1,0.01,5.84,3.1,0.01,5.81,3.1,0.01,6.17,3.3,-0.31,5.73,3.21,-0.43,5.98,3.3,0.06,5.84,3.28,0.03,6.5,3.91,-0.21,5.26,3.76,-0.57,6.93,3.11,-0.11,4.77,3.13,-0.41,7.28,2.3,-0.16,4.65,2.31,-0.06,7.44,2.13,-0.16,4.59,2.11,-0.09,7.32,2.08,-0.23,4.77,2.1,-0.04,7.25,2.14,-0.17,4.82,2.17,-0.02,5.81,6.08,0.18,5.08,5.89,-0.18,6.31,7.2,0.84,4.38,6.83,0.35,5.58,7.26,0.40,4.39,7.97,-0.55,5.4,7.15,0.38,4.47,8.13,-0.62,5.52,7.68,0.54,3.96,8.29,-0.66,
6.05,3.1,0.07,6.11,3.07,-0.04,6.15,3.09,-0.04,6.18,3.11,-0.04,6.02,3.05,-0.06,5.99,3.06,-0.06,5.96,3.06,-0.06,6.24,3.25,-0.37,5.91,3.18,-0.50,6.08,3.24,-0.01,5.98,3.22,-0.05,6.61,3.86,-0.27,5.43,3.74,-0.62,7.01,3.09,-0.08,4.85,3.13,-0.46,7.34,2.29,-0.02,4.7,2.32,-0.10,7.47,2.12,-0.02,4.64,2.12,-0.14,7.34,2.08,-0.08,4.81,2.09,-0.11,7.27,2.13,-0.03,4.86,2.17,-0.08,5.89,6.03,0.17,5.3,5.88,-0.17,6.3,7.07,0.83,4.56,6.79,0.26,5.69,7.4,0.35,4.64,7.9,-0.42,5.49,7.45,0.31,4.8,8.06,-0.48,5.92,7.81,0.17,4.13,8.2,-0.63,
6.16,3.09,0.25,6.21,3.07,0.13,6.24,3.08,0.13,6.26,3.09,0.13,6.15,3.05,0.11,6.12,3.06,0.11,6.1,3.06,0.11,6.29,3.22,-0.23,6.05,3.18,-0.33,6.17,3.22,0.15,6.09,3.21,0.12,6.7,3.84,-0.21,5.55,3.74,-0.46,7.11,3.09,-0.12,4.94,3.16,-0.30,7.36,2.28,-0.11,4.71,2.33,0.04,7.46,2.11,-0.12,4.63,2.13,0.01,7.32,2.08,-0.18,4.78,2.1,0.05,7.26,2.13,-0.12,4.84,2.17,0.07,6.08,5.98,0.14,5.53,5.87,-0.14,6.5,7.06,0.52,4.67,6.79,0.28,5.83,7.66,-0.05,4.73,7.88,-0.48,5.6,7.75,-0.10,4.89,8.04,-0.55,6.12,8.11,-0.22,4.23,8.19,-0.68,
6.29,3.11,0.58,6.36,3.08,0.47,6.4,3.1,0.47,6.44,3.11,0.47,6.26,3.07,0.46,6.22,3.07,0.46,6.18,3.08,0.46,6.5,3.25,0.09,6.09,3.19,0.01,6.32,3.23,0.48,6.19,3.23,0.45,6.84,3.85,0.08,5.61,3.74,-0.19,7.23,3.04,0.11,5.05,3.16,-0.07,7.41,2.25,0.01,4.77,2.32,0.17,7.48,2.1,0.00,4.67,2.13,0.13,7.33,2.07,-0.05,4.82,2.09,0.18,7.28,2.11,0.00,4.88,2.16,0.20,6.3,5.98,0.12,5.61,5.86,-0.12,6.64,7.08,0.58,4.8,6.82,0.30,5.95,7.83,-0.22,4.72,7.95,-0.83,5.75,7.91,-0.29,4.86,8.17,-0.93,6.27,8.38,-0.36,4.29,8.2,-1.04,
6.43,3.11,0.61,6.5,3.09,0.51,6.53,3.11,0.51,6.57,3.12,0.51,6.39,3.09,0.49,6.36,3.1,0.49,6.32,3.11,0.49,6.63,3.26,0.13,6.25,3.21,0.03,6.46,3.25,0.51,6.34,3.23,0.48,6.93,3.87,0.13,5.75,3.74,-0.20,7.26,3.04,0.16,5.15,3.16,-0.14,7.41,2.26,0.02,4.85,2.32,0.04,7.47,2.1,0.01,4.73,2.14,-0.01,7.32,2.08,-0.05,4.87,2.09,0.05,7.27,2.12,0.00,4.93,2.16,0.08,6.45,5.98,0.12,5.77,5.87,-0.12,6.7,7.16,0.61,4.91,6.89,0.26,6.06,7.97,-0.44,4.77,8.07,-1.08,5.89,8.05,-0.54,4.87,8.32,-1.20,6.32,8.54,-0.70,4.24,8.26,-1.37,
6.55,3.14,0.90,6.62,3.13,0.80,6.66,3.14,0.80,6.7,3.16,0.80,6.51,3.14,0.79,6.47,3.15,0.79,6.44,3.16,0.79,6.77,3.31,0.41,6.35,3.26,0.37,6.59,3.27,0.79,6.46,3.27,0.78,7.04,3.89,0.34,5.84,3.77,0.09,7.3,3.01,0.33,5.23,3.15,0.21,7.38,2.25,0.25,5.13,2.33,0.45,7.46,2.09,0.27,5.03,2.15,0.43,7.3,2.07,0.21,5.18,2.12,0.48,7.24,2.11,0.24,5.25,2.18,0.48,6.55,6.05,0.11,5.85,5.93,-0.12,6.76,7.24,0.65,5.02,6.95,0.28,6.21,8.1,-0.66,4.81,8.22,-1.31,6.06,8.17,-0.79,4.91,8.48,-1.47,6.47,8.66,-0.95,4.3,8.38,-1.61,
6.65,3.19,0.89,6.73,3.18,0.78,6.77,3.19,0.78,6.81,3.21,0.78,6.62,3.18,0.78,6.58,3.19,0.78,6.54,3.21,0.78,6.87,3.37,0.37,6.45,3.31,0.33,6.69,3.33,0.78,6.57,3.33,0.76,7.13,3.91,0.28,5.93,3.8,0.07,7.36,3.03,0.33,5.41,3.15,0.24,7.38,2.25,0.31,5.49,2.34,0.54,7.46,2.09,0.33,5.49,2.19,0.54,7.31,2.08,0.28,5.65,2.19,0.57,7.23,2.11,0.30,5.68,2.25,0.57,6.6,6.08,0.10,5.89,5.94,-0.10,6.84,7.28,0.60,5.15,7.05,0.33,6.37,8.31,-0.63,4.84,8.38,-1.01,6.19,8.44,-0.74,4.95,8.62,-1.13,6.71,8.76,-0.86,4.36,8.48,-1.25,
6.77,3.2,0.63,6.84,3.2,0.52,6.87,3.21,0.52,6.92,3.23,0.52,6.74,3.2,0.50,6.7,3.21,0.50,6.66,3.22,0.50,6.97,3.39,0.14,6.58,3.33,0.05,6.8,3.34,0.52,6.68,3.34,0.49,7.23,3.95,0.11,6.04,3.81,-0.15,7.42,3.04,0.21,5.64,3.12,0.01,7.4,2.25,0.20,5.89,2.34,0.31,7.45,2.1,0.22,5.93,2.18,0.31,7.31,2.08,0.16,6.11,2.18,0.33,7.24,2.12,0.19,6.15,2.24,0.33,6.64,6.09,0.10,5.94,5.96,-0.10,6.91,7.3,0.47,5.3,7.08,0.33,6.52,8.43,-0.47,4.95,8.41,-0.74,6.33,8.62,-0.55,5.06,8.67,-0.82,6.94,8.82,-0.70,4.47,8.52,-0.97,
6.89,3.22,0.68,6.96,3.22,0.57,7.0,3.23,0.57,7.04,3.25,0.57,6.85,3.21,0.55,6.81,3.22,0.55,6.77,3.23,0.55,7.09,3.41,0.16,6.7,3.35,0.08,6.94,3.35,0.57,6.81,3.34,0.54,7.33,3.97,0.09,6.16,3.82,-0.11,7.55,3.04,0.20,5.92,2.99,0.06,7.44,2.26,0.23,6.12,2.28,0.33,7.47,2.1,0.25,6.13,2.15,0.34,7.33,2.09,0.21,6.29,2.16,0.35,7.27,2.13,0.23,6.34,2.21,0.35,6.68,6.11,0.08,5.96,5.99,-0.08,7.06,7.32,0.40,5.41,7.12,0.38,6.66,8.52,-0.49,5.1,8.43,-0.58,6.48,8.73,-0.56,5.14,8.68,-0.66,7.15,8.88,-0.69,4.6,8.52,-0.79,
7.05,3.22,0.65,7.12,3.22,0.53,7.16,3.24,0.53,7.2,3.26,0.53,7.01,3.21,0.53,6.98,3.22,0.53,6.94,3.23,0.53,7.25,3.43,0.11,6.85,3.35,0.09,7.09,3.35,0.53,6.97,3.34,0.52,7.47,4.0,0.05,6.27,3.82,-0.08,7.79,3.08,0.15,5.99,3.0,0.14,7.59,2.35,0.26,6.02,2.25,0.46,7.59,2.16,0.27,6.03,2.13,0.47,7.48,2.15,0.23,6.16,2.14,0.48,7.43,2.21,0.25,6.18,2.19,0.48,6.69,6.1,0.02,5.98,5.98,-0.03,7.23,7.32,0.28,5.52,7.15,0.38,6.81,8.49,-0.51,5.27,8.43,-0.54,6.61,8.72,-0.57,5.37,8.67,-0.62,7.31,8.88,-0.69,4.8,8.52,-0.76,
7.16,3.25,0.59,7.23,3.25,0.49,7.27,3.27,0.49,7.3,3.29,0.49,7.13,3.24,0.48,7.09,3.25,0.48,7.05,3.26,0.48,7.34,3.46,0.07,6.96,3.37,0.04,7.2,3.38,0.49,7.08,3.37,0.48,7.59,4.06,0.00,6.38,3.82,-0.16,8.06,3.2,0.10,5.99,3.02,0.03,7.8,2.47,0.16,6.0,2.25,0.32,7.78,2.25,0.17,5.98,2.11,0.32,7.67,2.24,0.12,6.17,2.13,0.33,7.64,2.31,0.15,6.19,2.18,0.34,6.73,6.1,0.04,6.03,5.98,-0.05,7.38,7.28,0.41,5.58,7.17,0.36,6.89,8.37,-0.38,5.49,8.36,-0.61,6.65,8.58,-0.44,5.59,8.6,-0.69,7.39,8.79,-0.54,5.05,8.48,-0.83,
7.29,3.29,0.72,7.36,3.28,0.60,7.39,3.3,0.60,7.43,3.32,0.60,7.26,3.26,0.59,7.22,3.27,0.59,7.18,3.28,0.59,7.47,3.48,0.19,7.09,3.39,0.12,7.31,3.42,0.60,7.2,3.42,0.58,7.71,4.09,0.11,6.48,3.82,-0.11,8.27,3.31,0.13,6.0,3.03,0.03,8.16,2.54,0.17,6.02,2.24,0.27,8.19,2.31,0.18,5.99,2.08,0.26,8.04,2.28,0.12,6.16,2.1,0.28,7.99,2.35,0.16,6.18,2.17,0.29,6.83,6.1,0.05,6.09,5.97,-0.05,7.57,7.16,0.64,5.65,7.14,0.37,6.93,8.25,-0.27,5.65,8.28,-0.83,6.69,8.5,-0.34,5.78,8.5,-0.95,7.41,8.73,-0.37,5.26,8.45,-1.06,
7.41,3.3,0.19,7.48,3.29,0.06,7.52,3.3,0.06,7.56,3.33,0.06,7.38,3.27,0.04,7.34,3.27,0.04,7.3,3.28,0.04,7.6,3.48,-0.32,7.19,3.39,-0.44,7.42,3.44,0.08,7.3,3.43,0.05,7.83,4.09,-0.28,6.57,3.81,-0.55,8.36,3.32,-0.23,6.07,3.05,-0.36,8.51,2.5,-0.30,6.05,2.24,-0.05,8.6,2.29,-0.32,6.02,2.08,-0.08,8.45,2.26,-0.37,6.16,2.09,-0.04,8.39,2.33,-0.31,6.19,2.16,-0.02,6.92,6.1,0.05,6.17,5.97,-0.05,7.69,7.05,0.72,5.73,7.13,0.67,6.96,7.95,0.07,5.9,8.06,-0.08,6.73,8.09,0.03,6.1,8.2,-0.14,7.41,8.41,0.05,5.51,8.35,-0.18,
7.47,3.29,0.17,7.55,3.27,0.06,7.58,3.29,0.06,7.62,3.31,0.06,7.44,3.24,0.04,7.4,3.24,0.04,7.36,3.24,0.04,7.65,3.47,-0.31,7.23,3.35,-0.41,7.48,3.44,0.07,7.35,3.41,0.04,7.9,4.09,-0.30,6.65,3.77,-0.48,8.4,3.29,-0.22,6.12,3.07,-0.27,8.71,2.48,-0.18,6.06,2.24,0.01,8.88,2.28,-0.18,6.04,2.08,-0.07,8.75,2.26,-0.22,6.17,2.06,0.00,8.67,2.32,-0.18,6.19,2.14,0.01,7.02,6.09,0.03,6.28,5.96,-0.03,7.85,6.95,0.68,5.79,7.13,0.79,7.08,7.57,-0.01,6.09,7.85,-0.06,6.87,7.65,-0.05,6.31,7.87,-0.13,7.37,8.1,0.08,5.76,8.26,-0.08,
7.53,3.24,0.07,7.61,3.22,-0.04,7.64,3.24,-0.04,7.69,3.26,-0.04,7.49,3.18,-0.06,7.44,3.18,-0.06,7.4,3.18,-0.06,7.72,3.41,-0.37,7.26,3.28,-0.50,7.55,3.4,-0.01,7.4,3.36,-0.05,7.95,4.03,-0.32,6.69,3.76,-0.55,8.42,3.26,-0.22,6.17,3.07,-0.33,8.78,2.42,-0.20,6.07,2.24,0.04,8.95,2.24,-0.20,6.04,2.07,0.02,8.81,2.2,-0.25,6.18,2.05,0.06,8.73,2.27,-0.20,6.2,2.13,0.07,7.16,6.08,0.04,6.39,5.96,-0.04,7.99,6.96,0.66,5.91,7.11,0.76,7.18,7.37,0.02,6.31,7.68,-0.05,6.98,7.41,-0.01,6.45,7.68,-0.10,7.38,7.82,0.19,6.03,8.11,0.02,
7.54,3.18,0.17,7.62,3.15,0.07,7.66,3.17,0.07,7.7,3.19,0.07,7.51,3.11,0.03,7.47,3.11,0.03,7.43,3.11,0.03,7.75,3.32,-0.27,7.33,3.2,-0.43,7.56,3.33,0.09,7.43,3.29,0.04,8.01,3.91,-0.24,6.76,3.72,-0.54,8.43,3.16,-0.14,6.24,3.09,-0.35,8.77,2.34,-0.07,6.07,2.25,0.06,8.93,2.17,-0.05,6.02,2.08,0.05,8.81,2.13,-0.10,6.16,2.06,0.09,8.74,2.19,-0.07,6.18,2.13,0.09,7.31,6.04,0.06,6.53,5.92,-0.06,7.95,6.98,0.61,6.04,7.03,0.65,7.32,7.43,-0.03,6.47,7.57,-0.12,7.09,7.46,-0.06,6.62,7.59,-0.16,7.52,7.82,0.06,6.15,8.05,-0.08,
7.6,3.14,0.24,7.67,3.1,0.13,7.71,3.12,0.13,7.75,3.13,0.13,7.57,3.07,0.10,7.54,3.07,0.10,7.5,3.07,0.10,7.8,3.25,-0.27,7.41,3.15,-0.36,7.62,3.28,0.14,7.5,3.24,0.10,8.1,3.8,-0.10,6.88,3.69,-0.50,8.45,3.09,0.19,6.3,3.11,-0.29,8.78,2.28,0.39,6.07,2.25,0.23,8.94,2.13,0.44,6.01,2.08,0.23,8.81,2.08,0.38,6.16,2.05,0.28,8.74,2.14,0.38,6.18,2.12,0.26,7.44,5.96,0.12,6.77,5.85,-0.12,7.94,7.0,0.61,6.23,7.01,0.31,7.43,7.56,0.05,6.65,7.67,-0.17,7.32,7.61,0.01,6.8,7.71,-0.20,7.7,7.98,0.03,6.3,8.09,-0.16,
7.68,3.11,-0.01,7.74,3.07,-0.11,7.77,3.09,-0.11,7.8,3.1,-0.11,7.67,3.05,-0.15,7.65,3.05,-0.15,7.62,3.05,-0.15,7.83,3.2,-0.39,7.56,3.14,-0.59,7.69,3.24,-0.08,7.61,3.22,-0.14,8.15,3.78,-0.26,7.03,3.69,-0.71,8.54,3.07,-0.02,6.39,3.14,-0.57,8.85,2.24,0.08,6.09,2.26,-0.20,8.97,2.11,0.09,6.01,2.08,-0.25,8.83,2.07,0.02,6.16,2.05,-0.21,8.77,2.12,0.06,6.19,2.12,-0.18,7.5,5.9,0.14,7.08,5.83,-0.14,8.0,7.01,0.61,6.43,7.0,0.20,7.48,7.81,0.21,6.79,7.73,-0.06,7.3,7.92,0.18,6.95,7.8,-0.07,7.8,8.34,0.00,6.41,8.12,-0.19,
7.78,3.06,-0.41,7.82,3.04,-0.46,7.83,3.05,-0.46,7.84,3.06,-0.46,7.79,3.03,-0.52,7.78,3.04,-0.52,7.77,3.04,-0.52,7.86,3.19,-0.54,7.75,3.15,-0.85,7.76,3.18,-0.41,7.72,3.17,-0.51,8.12,3.8,-0.38,7.28,3.76,-0.94,8.66,3.01,-0.33,6.55,3.19,-1.01,8.89,2.21,-0.50,6.13,2.27,-0.96,8.97,2.08,-0.58,6.03,2.08,-1.11,8.83,2.05,-0.65,6.17,2.05,-1.07,8.78,2.1,-0.54,6.21,2.12,-0.95,7.57,5.87,0.19,7.39,5.83,-0.19,7.93,7.05,0.61,6.67,7.0,0.03,7.46,8.04,0.52,6.93,7.97,0.03,7.31,8.14,0.50,6.98,8.1,0.02,7.74,8.66,0.16,6.55,8.25,-0.25,
7.86,3.08,0.23,7.93,3.05,0.13,7.97,3.07,0.13,8.0,3.08,0.13,7.83,3.04,0.09,7.8,3.04,0.09,7.76,3.05,0.09,8.06,3.19,-0.20,7.68,3.16,-0.39,7.89,3.2,0.14,7.77,3.18,0.09,8.35,3.82,-0.10,7.19,3.76,-0.68,8.72,3.0,-0.10,6.59,3.18,-0.77,8.92,2.21,-0.24,6.17,2.27,-0.68,8.99,2.08,-0.26,6.06,2.09,-0.61,8.83,2.05,-0.32,6.19,2.05,-0.88,8.78,2.1,-0.26,6.23,2.12,-0.81,7.91,5.9,0.20,7.29,5.84,-0.20,8.07,7.14,0.68,6.71,7.07,0.13,7.62,8.08,-0.04,6.81,8.17,-0.43,7.46,8.14,-0.11,6.93,8.28,-0.49,7.68,8.78,-0.28,6.52,8.48,-0.64,
7.9,3.19,0.18,7.98,3.14,0.07,8.03,3.15,0.07,8.07,3.17,0.07,7.86,3.14,0.03,7.82,3.15,0.03,7.78,3.15,0.03,8.15,3.3,-0.29,7.69,3.25,-0.48,7.96,3.33,0.09,7.82,3.34,0.03,8.43,3.84,-0.15,7.25,3.8,-0.69,8.74,3.01,-0.11,6.66,3.21,-0.59,8.88,2.22,-0.28,6.34,2.34,-0.31,8.97,2.08,-0.30,6.25,2.16,-0.35,8.82,2.06,-0.37,6.36,2.12,-0.34,8.76,2.1,-0.30,6.41,2.18,-0.31,8.04,5.98,0.22,7.36,5.91,-0.23,8.14,7.24,0.85,6.8,7.16,0.23,7.6,8.06,0.04,6.77,8.23,-0.43,7.51,8.11,-0.05,6.91,8.33,-0.50,7.62,8.73,-0.19,6.49,8.55,-0.65,
7.95,3.22,0.01,8.03,3.18,-0.09,8.07,3.19,-0.09,8.11,3.2,-0.09,7.91,3.17,-0.13,7.86,3.19,-0.13,7.82,3.2,-0.13,8.19,3.35,-0.42,7.72,3.32,-0.58,8.01,3.36,-0.07,7.86,3.37,-0.11,8.5,3.9,-0.30,7.3,3.86,-0.74,8.75,3.02,-0.25,6.71,3.21,-0.62,8.88,2.23,-0.42,6.64,2.35,-0.37,8.97,2.08,-0.45,6.54,2.17,-0.43,8.81,2.06,-0.52,6.7,2.16,-0.39,8.75,2.11,-0.45,6.77,2.23,-0.34,8.13,6.07,0.23,7.42,5.99,-0.23,8.16,7.34,1.00,6.93,7.24,0.29,7.6,8.02,0.33,6.85,8.3,-0.44,7.51,8.06,0.27,6.92,8.41,-0.52,7.61,8.64,0.09,6.59,8.62,-0.72,
7.99,3.29,-0.03,8.07,3.24,-0.15,8.11,3.25,-0.15,8.16,3.27,-0.15,7.95,3.24,-0.17,7.91,3.26,-0.17,7.87,3.27,-0.17,8.24,3.43,-0.48,7.79,3.41,-0.61,8.06,3.44,-0.11,7.92,3.45,-0.15,8.56,3.98,-0.38,7.37,3.93,-0.74,8.8,3.02,-0.33,6.85,3.23,-0.58,8.9,2.23,-0.50,6.95,2.38,-0.27,8.96,2.08,-0.51,6.94,2.22,-0.32,8.81,2.06,-0.57,7.1,2.22,-0.27,8.74,2.1,-0.51,7.13,2.28,-0.24,8.19,6.2,0.21,7.47,6.12,-0.21,8.3,7.36,1.21,7.03,7.37,0.55,7.61,7.83,0.47,6.97,8.37,-0.46,7.5,7.81,0.41,7.0,8.51,-0.55,7.55,8.39,0.37,6.7,8.66,-0.73,
8.07,3.29,-0.28,8.13,3.23,-0.40,8.17,3.25,-0.40,8.22,3.26,-0.40,8.02,3.23,-0.39,7.98,3.25,-0.39,7.95,3.26,-0.39,8.29,3.42,-0.74,7.86,3.4,-0.73,8.14,3.44,-0.36,8.01,3.45,-0.36,8.63,4.0,-0.68,7.43,3.93,-0.72,8.87,3.03,-0.67,7.07,3.19,-0.56,8.9,2.22,-0.80,7.27,2.37,-0.34,8.96,2.08,-0.83,7.26,2.22,-0.35,8.81,2.06,-0.86,7.44,2.21,-0.34,8.74,2.1,-0.80,7.49,2.27,-0.33,8.21,6.23,0.06,7.52,6.15,-0.06,8.44,7.38,1.18,7.14,7.37,1.03,7.55,7.56,0.46,7.06,8.37,0.02,7.45,7.49,0.42,7.09,8.51,-0.07,7.53,8.1,0.48,6.76,8.69,-0.18,
8.18,3.27,-0.21,8.23,3.23,-0.33,8.27,3.25,-0.33,8.32,3.26,-0.32,8.12,3.23,-0.33,8.09,3.24,-0.33,8.05,3.26,-0.33,8.37,3.42,-0.65,7.97,3.38,-0.67,8.24,3.41,-0.29,8.11,3.42,-0.30,8.69,4.0,-0.65,7.53,3.91,-0.63,9.11,3.06,-0.59,7.35,3.09,-0.49,8.96,2.32,-0.65,7.41,2.32,-0.29,8.98,2.14,-0.68,7.37,2.17,-0.22,8.84,2.12,-0.70,7.52,2.18,-0.23,8.78,2.18,-0.65,7.58,2.24,-0.30,8.26,6.25,-0.05,7.55,6.2,0.05,8.64,7.42,1.02,7.24,7.38,1.24,7.61,7.36,0.45,7.16,8.33,0.07,7.51,7.26,0.36,7.17,8.46,-0.04,7.53,7.78,0.42,6.9,8.71,-0.02,
8.26,3.26,-0.14,8.32,3.21,-0.26,8.36,3.22,-0.26,8.41,3.24,-0.26,8.2,3.21,-0.26,8.16,3.22,-0.26,8.12,3.23,-0.26,8.46,3.39,-0.60,8.02,3.37,-0.62,8.33,3.39,-0.23,8.19,3.42,-0.23,8.77,4.0,-0.63,7.58,3.91,-0.54,9.34,3.15,-0.58,7.41,3.08,-0.34,9.1,2.37,-0.60,7.35,2.25,-0.05,9.11,2.18,-0.64,7.33,2.11,-0.03,8.99,2.17,-0.66,7.46,2.12,-0.02,8.94,2.22,-0.60,7.51,2.16,-0.05,8.34,6.22,-0.08,7.61,6.16,0.07,8.79,7.39,0.97,7.38,7.35,1.22,7.71,7.24,0.34,7.29,8.3,0.15,7.64,7.13,0.26,7.3,8.42,0.05,7.54,7.52,0.45,7.05,8.7,0.06,
8.32,3.23,0.00,8.38,3.18,-0.12,8.42,3.19,-0.12,8.46,3.21,-0.12,8.26,3.18,-0.11,8.22,3.19,-0.11,8.18,3.2,-0.11,8.52,3.36,-0.48,8.09,3.34,-0.49,8.39,3.37,-0.10,8.25,3.39,-0.10,8.89,4.0,-0.53,7.66,3.91,-0.48,9.51,3.24,-0.48,7.35,3.08,-0.34,9.39,2.45,-0.54,7.32,2.24,-0.08,9.47,2.25,-0.57,7.31,2.1,-0.08,9.31,2.24,-0.60,7.45,2.11,-0.06,9.25,2.3,-0.55,7.49,2.16,-0.07,8.41,6.18,-0.05,7.7,6.15,0.05,8.95,7.39,0.79,7.48,7.33,1.03,7.79,7.32,-0.03,7.4,8.18,0.00,7.73,7.25,-0.08,7.4,8.31,-0.04,7.54,7.78,0.17,7.18,8.67,-0.13,
8.38,3.18,-0.11,8.44,3.15,-0.21,8.48,3.16,-0.21,8.52,3.18,-0.21,8.33,3.14,-0.24,8.29,3.16,-0.24,8.26,3.17,-0.24,8.58,3.33,-0.50,8.2,3.32,-0.64,8.44,3.31,-0.19,8.31,3.32,-0.23,8.97,3.97,-0.55,7.78,3.9,-0.66,9.6,3.26,-0.58,7.34,3.07,-0.66,9.64,2.44,-0.72,7.29,2.23,-0.48,9.75,2.26,-0.76,7.25,2.09,-0.51,9.62,2.24,-0.79,7.44,2.1,-0.47,9.55,2.3,-0.73,7.48,2.15,-0.45,8.47,6.1,-0.03,7.8,6.08,0.02,9.09,7.28,0.56,7.58,7.3,0.74,7.94,7.3,-0.20,7.58,7.95,-0.37,7.86,7.23,-0.25,7.52,8.11,-0.47,7.77,7.66,-0.06,7.3,8.62,-0.48,
8.41,3.12,-0.37,8.46,3.11,-0.46,8.49,3.12,-0.46,8.53,3.14,-0.46,8.38,3.11,-0.48,8.35,3.12,-0.48,8.32,3.13,-0.48,8.59,3.28,-0.72,8.29,3.29,-0.84,8.46,3.24,-0.44,8.36,3.24,-0.48,9.01,3.93,-0.77,7.89,3.89,-0.84,9.63,3.22,-0.92,7.37,3.06,-0.92,9.88,2.4,-1.13,7.3,2.22,-0.90,10.04,2.25,-1.21,7.27,2.08,-0.99,9.92,2.22,-1.24,7.45,2.09,-0.96,9.83,2.26,-1.14,7.49,2.14,-0.89,8.51,6.02,-0.03,7.95,6.0,0.03,9.25,7.17,0.38,7.7,7.2,0.47,8.11,7.35,-0.17,7.71,7.84,-0.34,7.95,7.3,-0.21,7.66,7.93,-0.43,7.98,7.77,-0.16,7.41,8.52,-0.52,
8.49,3.1,-0.29,8.54,3.08,-0.39,8.58,3.09,-0.39,8.62,3.11,-0.39,8.45,3.08,-0.40,8.41,3.09,-0.40,8.38,3.1,-0.40,8.68,3.24,-0.69,8.32,3.25,-0.77,8.55,3.22,-0.37,8.43,3.22,-0.39,9.1,3.89,-0.71,7.95,3.86,-0.77,9.65,3.18,-0.75,7.42,3.06,-0.73,9.94,2.35,-0.90,7.32,2.22,-0.60,10.05,2.21,-0.96,7.28,2.08,-0.66,9.93,2.18,-0.99,7.45,2.09,-0.63,9.85,2.21,-0.91,7.49,2.13,-0.58,8.68,5.98,-0.03,8.06,5.93,0.03,9.36,7.08,0.58,7.79,7.08,0.87,8.27,7.39,0.13,7.66,7.82,0.20,8.04,7.32,0.11,7.63,7.92,0.14,8.4,7.82,0.11,7.43,8.38,0.02,
8.53,3.1,0.08,8.59,3.07,-0.04,8.64,3.08,-0.04,8.69,3.09,-0.04,8.47,3.08,-0.05,8.43,3.09,-0.05,8.4,3.1,-0.05,8.77,3.21,-0.42,8.34,3.23,-0.46,8.6,3.22,-0.03,8.47,3.22,-0.04,9.2,3.84,-0.46,8.02,3.84,-0.52,9.69,3.16,-0.31,7.46,3.06,-0.33,9.92,2.34,-0.25,7.34,2.22,-0.00,10.05,2.18,-0.25,7.28,2.09,-0.01,9.92,2.15,-0.30,7.44,2.09,0.00,9.86,2.19,-0.25,7.49,2.13,0.02,8.82,5.95,-0.03,8.16,5.9,0.02,9.44,7.01,0.62,7.86,7.07,0.88,8.41,7.56,0.19,7.62,7.87,0.21,8.16,7.64,0.17,7.63,7.99,0.16,8.62,7.88,0.24,7.43,8.33,0.10,
8.62,3.08,0.25,8.67,3.04,0.14,8.72,3.04,0.14,8.76,3.05,0.14,8.56,3.04,0.13,8.53,3.06,0.13,8.49,3.07,0.13,8.84,3.15,-0.22,8.43,3.18,-0.28,8.69,3.21,0.15,8.57,3.21,0.13,9.31,3.79,-0.27,8.12,3.81,-0.38,9.8,3.12,-0.18,7.54,3.07,-0.22,9.98,2.28,-0.15,7.35,2.22,0.08,10.06,2.12,-0.16,7.28,2.09,0.07,9.93,2.1,-0.20,7.44,2.09,0.10,9.88,2.13,-0.16,7.49,2.13,0.11,8.97,5.89,0.00,8.37,5.79,0.00,9.49,6.98,0.60,7.97,7.04,0.56,8.6,7.78,-0.02,7.64,8.03,-0.37,8.4,7.89,-0.07,7.67,8.2,-0.46,8.84,8.2,-0.12,7.47,8.36,-0.59,
8.69,3.08,0.38,8.74,3.03,0.27,8.78,3.03,0.27,8.83,3.04,0.27,8.63,3.04,0.26,8.59,3.05,0.26,8.56,3.06,0.26,8.91,3.14,-0.10,8.5,3.18,-0.16,8.77,3.2,0.28,8.64,3.22,0.26,9.41,3.76,-0.12,8.2,3.8,-0.30,9.91,3.09,-0.01,7.63,3.07,-0.11,10.02,2.25,0.01,7.37,2.22,0.26,10.07,2.1,0.00,7.28,2.09,0.24,9.94,2.08,-0.04,7.42,2.08,0.28,9.9,2.12,0.01,7.48,2.12,0.29,9.15,5.89,0.07,8.5,5.8,-0.08,9.56,7.0,0.63,8.02,7.06,0.46,8.78,8.02,0.08,7.66,8.27,-0.33,8.58,8.17,0.05,7.69,8.5,-0.41,9.06,8.44,-0.05,7.37,8.47,-0.54,
8.78,3.09,0.29,8.83,3.03,0.18,8.88,3.04,0.18,8.92,3.05,0.18,8.73,3.04,0.17,8.69,3.06,0.17,8.66,3.07,0.17,9.01,3.15,-0.18,8.61,3.2,-0.22,8.86,3.21,0.19,8.74,3.22,0.18,9.48,3.78,-0.24,8.35,3.82,-0.32,9.94,3.09,-0.21,7.83,3.07,-0.23,10.02,2.25,-0.12,7.42,2.22,0.11,10.07,2.09,-0.24,7.3,2.09,0.03,9.93,2.07,-0.33,7.41,2.07,0.25,9.89,2.11,-0.16,7.48,2.11,0.11,9.29,5.9,0.04,8.66,5.83,-0.04,9.6,7.01,0.61,8.09,7.05,0.57,8.94,8.14,0.10,7.66,8.38,-0.05,8.76,8.3,0.07,7.74,8.6,-0.11,9.32,8.55,-0.01,7.42,8.56,-0.28,
8.9,3.2,0.43,8.96,3.13,0.31,9.01,3.13,0.31,9.07,3.14,0.31,8.84,3.14,0.31,8.8,3.16,0.31,8.77,3.17,0.31,9.16,3.26,-0.11,8.71,3.3,-0.12,8.98,3.32,0.31,8.84,3.35,0.31,9.58,3.78,-0.21,8.45,3.87,-0.23,9.97,3.07,-0.19,7.93,3.11,-0.14,10.03,2.25,-0.27,7.52,2.25,-0.00,10.07,2.09,-0.32,7.36,2.12,-0.06,9.93,2.07,-0.38,7.46,2.08,0.02,9.89,2.11,-0.29,7.55,2.11,0.02,9.42,5.95,0.01,8.77,5.86,-0.01,9.64,7.11,0.61,8.13,7.06,0.61,9.07,8.24,-0.02,7.75,8.43,-0.10,8.83,8.39,-0.06,7.85,8.63,-0.16,9.45,8.65,-0.16,7.48,8.6,-0.34,
9.02,3.19,-0.12,9.06,3.15,-0.23,9.09,3.16,-0.23,9.11,3.17,-0.23,9.0,3.16,-0.21,8.98,3.18,-0.21,8.96,3.2,-0.21,9.17,3.32,-0.56,8.94,3.34,-0.46,9.06,3.32,-0.21,8.99,3.34,-0.18,9.57,3.79,-0.66,8.65,3.97,-0.37,9.94,3.04,-0.72,8.11,3.11,-0.31,10.03,2.23,-0.91,7.75,2.28,-0.37,10.08,2.09,-1.03,7.62,2.16,-0.48,9.93,2.07,-1.05,7.72,2.12,-0.47,9.88,2.1,-0.92,7.8,2.15,-0.38,9.31,5.95,-0.12,9.03,5.86,0.12,9.73,7.19,0.25,8.15,7.07,0.62,9.13,8.3,0.20,7.95,8.41,0.70,8.87,8.42,0.21,8.08,8.6,0.70,9.56,8.68,-0.08,7.6,8.6,0.44,
9.12,3.28,0.27,9.18,3.24,0.13,9.23,3.25,0.13,9.27,3.26,0.13,9.07,3.25,0.15,9.04,3.27,0.15,9.0,3.29,0.15,9.36,3.41,-0.34,8.96,3.43,-0.23,9.19,3.42,0.13,9.07,3.44,0.16,9.74,3.84,-0.53,8.66,3.97,-0.27,9.96,3.02,-0.44,8.16,3.16,-0.11,10.01,2.23,-0.57,8.09,2.3,-0.02,10.07,2.08,-0.62,8.04,2.16,-0.05,9.92,2.06,-0.64,8.16,2.13,-0.05,9.87,2.1,-0.57,8.22,2.18,-0.02,9.5,6.01,-0.09,8.95,5.9,0.09,9.82,7.23,0.44,8.16,7.07,0.74,9.23,8.3,-0.15,7.99,8.39,0.24,8.97,8.42,-0.20,8.12,8.59,0.19,9.62,8.68,-0.32,7.64,8.6,0.03,
9.21,3.35,0.40,9.27,3.3,0.27,9.31,3.31,0.27,9.36,3.32,0.27,9.15,3.3,0.28,9.12,3.32,0.28,9.08,3.34,0.28,9.45,3.46,-0.19,9.02,3.5,-0.15,9.29,3.49,0.28,9.16,3.51,0.28,9.83,3.9,-0.26,8.72,3.99,-0.24,9.96,2.99,-0.14,8.34,3.18,-0.11,9.99,2.2,-0.24,8.5,2.34,0.01,10.05,2.07,-0.26,8.49,2.21,-0.01,9.91,2.06,-0.31,8.65,2.18,0.00,9.85,2.09,-0.25,8.68,2.23,0.03,9.58,6.12,-0.04,8.95,6.01,0.04,9.93,7.26,0.69,8.19,7.07,0.81,9.31,8.29,0.05,8.06,8.36,0.13,9.06,8.41,0.01,8.19,8.57,0.08,9.64,8.63,-0.02,7.66,8.59,-0.01,
9.3,3.38,0.39,9.37,3.32,0.26,9.42,3.33,0.26,9.46,3.34,0.26,9.25,3.33,0.26,9.22,3.34,0.26,9.18,3.35,0.26,9.55,3.47,-0.19,9.11,3.5,-0.18,9.37,3.52,0.27,9.25,3.53,0.27,9.93,3.93,-0.25,8.81,3.99,-0.28,10.05,3.0,-0.14,8.64,3.16,-0.16,9.99,2.2,-0.25,8.85,2.34,-0.01,10.03,2.07,-0.28,8.9,2.2,-0.04,9.9,2.06,-0.33,9.02,2.18,-0.01,9.83,2.09,-0.27,9.04,2.22,0.01,9.61,6.17,-0.01,8.96,6.08,0.00,10.04,7.29,0.84,8.2,7.08,0.87,9.39,8.28,0.45,8.09,8.36,0.27,9.14,8.39,0.44,8.23,8.59,0.24,9.65,8.59,0.50,7.68,8.58,0.20,
9.47,3.35,0.36,9.52,3.3,0.23,9.57,3.32,0.23,9.61,3.33,0.23,9.4,3.31,0.25,9.36,3.32,0.25,9.33,3.33,0.25,9.69,3.46,-0.20,9.26,3.47,-0.13,9.55,3.48,0.24,9.41,3.5,0.26,10.04,3.96,-0.26,8.97,3.99,-0.16,10.24,3.0,-0.14,8.89,3.04,0.03,10.06,2.22,-0.15,9.02,2.27,0.21,10.08,2.08,-0.17,8.99,2.14,0.22,9.96,2.07,-0.20,9.12,2.14,0.23,9.91,2.11,-0.15,9.17,2.19,0.23,9.64,6.19,-0.04,8.99,6.11,0.04,10.22,7.3,0.75,8.25,7.09,0.97,9.5,8.24,0.28,8.13,8.35,0.24,9.27,8.36,0.27,8.25,8.59,0.19,9.8,8.57,0.36,7.7,8.58,0.21,
9.63,3.35,0.34,9.69,3.31,0.22,9.74,3.32,0.22,9.78,3.34,0.22,9.57,3.31,0.22,9.53,3.32,0.22,9.49,3.33,0.22,9.85,3.47,-0.20,9.42,3.47,-0.18,9.7,3.49,0.23,9.57,3.5,0.23,10.19,4.0,-0.24,9.08,3.98,-0.23,10.53,3.0,-0.12,8.98,3.03,-0.08,10.26,2.29,-0.19,8.98,2.25,0.09,10.23,2.14,-0.21,8.95,2.13,0.08,10.1,2.13,-0.24,9.09,2.12,0.10,10.05,2.17,-0.20,9.14,2.17,0.11,9.67,6.18,-0.04,9.0,6.12,0.03,10.38,7.29,0.77,8.33,7.09,0.96,9.58,8.21,0.30,8.18,8.35,0.23,9.37,8.32,0.28,8.26,8.6,0.18,10.01,8.55,0.44,7.69,8.56,0.21,
9.77,3.34,0.41,9.83,3.31,0.29,9.87,3.32,0.29,9.92,3.33,0.29,9.71,3.31,0.28,9.67,3.32,0.28,9.63,3.33,0.28,9.98,3.46,-0.13,9.56,3.47,-0.15,9.84,3.47,0.29,9.69,3.48,0.29,10.32,4.0,-0.18,9.13,3.96,-0.25,10.8,3.08,-0.09,8.91,3.03,-0.12,10.58,2.36,-0.13,8.93,2.23,0.05,10.54,2.19,-0.13,8.94,2.1,0.04,10.4,2.17,-0.17,9.09,2.11,0.06,10.37,2.21,-0.14,9.14,2.15,0.07,9.75,6.17,0.03,9.03,6.1,-0.03,10.52,7.16,0.74,8.38,7.05,0.74,9.77,8.13,0.00,8.22,8.31,-0.18,9.51,8.3,-0.04,8.27,8.59,-0.25,10.24,8.5,0.08,7.72,8.52,-0.20,
9.91,3.33,0.50,9.97,3.3,0.37,10.02,3.31,0.37,10.06,3.32,0.37,9.85,3.31,0.37,9.81,3.32,0.37,9.77,3.33,0.37,10.13,3.45,-0.07,9.69,3.46,-0.10,9.97,3.46,0.38,9.82,3.47,0.37,10.45,4.01,-0.13,9.22,3.93,-0.26,10.98,3.17,-0.06,8.89,3.03,-0.11,10.96,2.4,-0.13,8.91,2.23,0.06,10.94,2.21,-0.14,8.93,2.09,0.05,10.81,2.18,-0.17,9.07,2.1,0.08,10.78,2.23,-0.13,9.1,2.15,0.08,9.81,6.16,0.05,9.05,6.1,-0.06,10.64,7.01,0.77,8.41,6.98,0.74,9.89,8.0,0.02,8.29,8.24,-0.17,9.62,8.18,-0.01,8.36,8.53,-0.23,10.35,8.36,0.10,7.76,8.39,-0.16,
10.0,3.32,0.42,10.07,3.29,0.30,10.11,3.3,0.30,10.16,3.31,0.30,9.95,3.29,0.29,9.91,3.3,0.29,9.88,3.31,0.29,10.24,3.45,-0.12,9.8,3.42,-0.15,10.06,3.45,0.31,9.92,3.46,0.30,10.58,4.01,-0.18,9.32,3.87,-0.33,11.13,3.21,-0.10,8.94,3.03,-0.12,11.33,2.39,-0.17,8.92,2.22,0.06,11.38,2.2,-0.18,8.9,2.09,0.04,11.25,2.18,-0.22,9.07,2.1,0.08,11.21,2.22,-0.18,9.11,2.15,0.09,9.89,6.15,0.04,9.09,6.06,-0.05,10.86,6.92,0.80,8.44,6.85,0.88,10.0,7.87,0.04,8.48,8.1,-0.15,9.72,8.04,0.01,8.58,8.37,-0.23,10.46,8.25,0.24,7.98,8.28,0.08,
10.11,3.29,0.36,10.18,3.24,0.24,10.22,3.25,0.24,10.27,3.26,0.24,10.05,3.23,0.23,10.01,3.24,0.23,9.97,3.24,0.23,10.33,3.39,-0.16,9.88,3.34,-0.23,10.17,3.42,0.25,10.03,3.42,0.23,10.67,4.0,-0.18,9.41,3.8,-0.35,11.28,3.2,-0.12,9.0,3.03,-0.11,11.58,2.38,-0.18,8.94,2.22,0.20,11.7,2.2,-0.19,8.9,2.08,0.20,11.56,2.18,-0.23,9.06,2.08,0.23,11.49,2.22,-0.18,9.11,2.13,0.23,9.96,6.11,0.04,9.18,6.0,-0.04,10.96,6.82,0.79,8.54,6.71,0.92,10.06,7.71,0.10,8.68,7.86,0.19,9.81,7.88,0.08,8.81,8.06,0.15,10.54,8.13,0.32,8.3,8.1,0.31,
10.19,3.24,0.31,10.26,3.19,0.19,10.31,3.2,0.19,10.36,3.22,0.19,10.13,3.17,0.17,10.09,3.18,0.17,10.05,3.18,0.17,10.43,3.33,-0.22,9.96,3.27,-0.30,10.26,3.38,0.20,10.11,3.37,0.17,10.76,3.94,-0.23,9.49,3.76,-0.40,11.35,3.19,-0.13,9.05,3.05,-0.12,11.67,2.38,-0.11,8.95,2.21,0.22,11.78,2.19,-0.11,8.91,2.07,0.22,11.64,2.16,-0.15,9.07,2.07,0.25,11.57,2.21,-0.11,9.12,2.12,0.25,10.05,6.05,0.03,9.29,5.94,-0.04,10.97,6.82,0.59,8.7,6.63,0.91,10.19,7.73,0.09,8.9,7.67,0.24,9.91,7.89,0.07,9.06,7.85,0.21,10.64,8.12,0.31,8.59,7.95,0.33,
10.29,3.2,0.55,10.35,3.14,0.42,10.41,3.16,0.42,10.46,3.17,0.42,10.23,3.12,0.41,10.19,3.12,0.41,10.15,3.13,0.41,10.53,3.27,-0.01,10.07,3.2,-0.08,10.35,3.33,0.42,10.21,3.32,0.40,10.88,3.84,-0.04,9.59,3.7,-0.23,11.36,3.17,0.24,9.12,3.08,0.06,11.69,2.35,0.53,8.95,2.22,0.55,11.79,2.16,0.58,8.91,2.07,0.58,11.65,2.11,0.54,9.06,2.06,0.61,11.59,2.18,0.54,9.1,2.12,0.58,10.17,6.01,0.03,9.4,5.89,-0.04,10.96,6.87,0.50,8.85,6.6,0.78,10.45,7.88,-0.07,9.11,7.55,0.20,10.22,8.01,-0.10,9.3,7.75,0.14,10.76,8.13,-0.04,8.82,7.86,0.21,
10.33,3.13,0.59,10.4,3.07,0.46,10.44,3.09,0.46,10.49,3.1,0.46,10.28,3.06,0.45,10.25,3.06,0.45,10.21,3.06,0.45,10.57,3.2,0.00,10.15,3.14,-0.05,10.38,3.27,0.46,10.26,3.24,0.44,10.95,3.73,-0.01,9.7,3.67,-0.24,11.35,3.15,0.43,9.2,3.13,0.03,11.69,2.31,0.85,8.95,2.25,0.53,11.79,2.13,0.92,8.9,2.09,0.57,11.66,2.08,0.87,9.03,2.06,0.59,11.61,2.15,0.86,9.06,2.12,0.57,10.3,5.93,0.05,9.57,5.81,-0.06,10.89,6.88,0.36,8.98,6.59,0.67,10.7,8.21,-0.13,9.2,7.63,0.27,10.58,8.45,-0.16,9.39,7.86,0.24,11.21,8.43,-0.29,8.92,7.89,0.23,
10.4,3.06,0.53,10.45,3.01,0.45,10.49,3.01,0.45,10.53,3.02,0.45,10.37,3.0,0.44,10.34,3.0,0.44,10.31,3.01,0.43,10.61,3.13,-0.10,10.28,3.1,-0.15,10.44,3.19,0.44,10.34,3.18,0.42,11.04,3.7,-0.06,9.83,3.67,-0.35,11.5,3.09,0.24,9.26,3.15,-0.16,11.74,2.26,0.54,8.96,2.26,0.16,11.8,2.1,0.57,8.89,2.09,0.15,11.66,2.07,0.51,9.02,2.06,0.15,11.62,2.13,0.53,9.05,2.12,0.18,10.39,5.84,0.07,9.81,5.75,-0.08,10.85,6.97,0.09,9.09,6.59,0.46,10.92,8.44,-0.26,9.2,7.73,0.28,10.85,8.71,-0.28,9.3,7.95,0.28,11.52,8.62,-0.45,8.77,7.95,0.21,
10.46,3.05,0.45,10.51,2.99,0.33,10.54,3.0,0.33,10.57,3.01,0.33,10.44,2.99,0.32,10.42,2.99,0.32,10.39,3.0,0.32,10.65,3.11,-0.14,10.37,3.1,-0.21,10.51,3.17,0.34,10.42,3.17,0.31,11.14,3.68,-0.10,9.94,3.67,-0.40,11.62,3.05,0.17,9.4,3.14,-0.27,11.74,2.23,0.36,9.01,2.27,-0.02,11.8,2.08,0.36,8.91,2.09,-0.05,11.64,2.06,0.31,9.05,2.06,-0.05,11.6,2.11,0.35,9.08,2.12,-0.01,10.54,5.83,0.13,9.99,5.75,-0.13,10.89,7.13,0.16,9.16,6.62,0.31,11.05,8.52,-0.20,9.14,7.77,0.23,10.99,8.81,-0.23,9.23,8.08,0.24,11.67,8.74,-0.40,8.7,7.97,0.08,
10.57,3.05,0.57,10.63,3.0,0.45,10.66,3.01,0.45,10.71,3.02,0.45,10.53,3.0,0.43,10.5,3.01,0.43,10.47,3.01,0.43,10.79,3.13,0.03,10.42,3.12,-0.07,10.63,3.17,0.46,10.51,3.17,0.43,11.23,3.7,0.04,10.02,3.68,-0.33,11.66,3.03,0.43,9.5,3.13,-0.25,11.75,2.23,0.70,9.07,2.27,0.08,11.79,2.07,0.74,8.94,2.1,0.05,11.65,2.06,0.68,9.07,2.06,0.06,11.61,2.1,0.69,9.11,2.12,0.10,10.7,5.86,0.15,10.04,5.77,-0.15,10.98,7.19,0.22,9.2,6.64,0.38,11.14,8.58,-0.23,9.08,7.89,0.26,11.07,8.85,-0.26,9.16,8.23,0.27,11.63,8.85,-0.40,8.61,7.98,0.20,
10.7,3.06,0.65,10.76,3.01,0.52,10.8,3.02,0.52,10.85,3.03,0.52,10.65,3.0,0.51,10.61,3.01,0.51,10.57,3.02,0.51,10.93,3.13,0.08,10.5,3.12,0.00,10.75,3.18,0.53,10.62,3.18,0.51,11.32,3.71,0.08,10.11,3.69,-0.25,11.69,3.02,0.46,9.57,3.13,-0.06,11.77,2.22,0.69,9.29,2.31,0.34,11.8,2.06,0.73,9.19,2.12,0.33,11.67,2.05,0.67,9.3,2.07,0.35,11.62,2.09,0.69,9.35,2.14,0.36,10.81,5.88,0.13,10.15,5.79,-0.14,11.12,7.22,0.27,9.26,6.72,0.49,11.16,8.63,-0.18,9.02,8.01,0.47,11.04,8.89,-0.23,9.1,8.32,0.48,11.66,8.91,-0.28,8.59,8.05,0.44,
10.76,3.12,0.63,10.82,3.06,0.50,10.86,3.07,0.50,10.91,3.08,0.50,10.72,3.06,0.49,10.69,3.07,0.49,10.65,3.08,0.49,11.0,3.2,0.03,10.57,3.19,-0.01,10.81,3.25,0.50,10.7,3.26,0.48,11.37,3.76,0.00,10.18,3.71,-0.23,11.72,3.0,0.12,9.62,3.13,-0.04,11.77,2.2,0.05,9.6,2.32,0.28,11.8,2.05,0.04,9.54,2.13,0.28,11.65,2.03,-0.00,9.69,2.1,0.30,11.61,2.08,0.04,9.74,2.18,0.31,10.84,5.89,0.13,10.18,5.8,-0.14,11.28,7.24,0.34,9.31,6.79,0.58,11.12,8.59,-0.19,8.99,8.02,0.45,10.96,8.83,-0.24,9.07,8.31,0.45,11.64,8.92,-0.33,8.63,8.09,0.41,
10.81,3.16,0.50,10.87,3.1,0.36,10.91,3.11,0.36,10.95,3.12,0.36,10.78,3.1,0.37,10.76,3.12,0.37,10.72,3.13,0.37,11.04,3.27,-0.12,10.66,3.27,-0.07,10.86,3.3,0.36,10.76,3.31,0.37,11.42,3.83,-0.26,10.27,3.78,-0.24,11.73,3.0,-0.18,9.77,3.13,-0.06,11.77,2.2,-0.27,9.98,2.32,0.09,11.79,2.05,-0.31,10.0,2.15,0.07,11.63,2.04,-0.34,10.14,2.15,0.06,11.58,2.08,-0.27,10.18,2.23,0.09,10.85,5.94,-0.02,10.24,5.83,0.02,11.44,7.24,0.32,9.35,6.83,0.88,11.1,8.58,-0.17,8.99,8.01,0.69,10.91,8.8,-0.22,9.06,8.3,0.69,11.63,8.89,-0.31,8.65,8.11,0.68,
10.93,3.18,0.47,10.99,3.13,0.33,11.03,3.14,0.33,11.07,3.16,0.33,10.89,3.13,0.35,10.86,3.14,0.35,10.82,3.15,0.35,11.14,3.31,-0.15,10.75,3.3,-0.08,10.98,3.32,0.33,10.87,3.32,0.35,11.46,3.88,-0.26,10.33,3.78,-0.18,11.75,3.0,-0.09,10.04,3.11,0.04,11.77,2.2,-0.03,10.2,2.32,0.19,11.79,2.05,-0.07,10.19,2.15,0.17,11.65,2.04,-0.10,10.33,2.16,0.12,11.6,2.08,-0.04,10.37,2.24,0.18,10.86,5.99,-0.06,10.24,5.87,0.06,11.56,7.24,0.33,9.39,6.85,1.02,11.09,8.53,0.20,9.06,8.01,1.09,10.89,8.74,0.20,9.11,8.29,1.11,11.6,8.83,0.16,8.68,8.1,1.10,
11.03,3.22,0.48,11.09,3.17,0.33,11.13,3.19,0.33,11.18,3.2,0.33,10.98,3.17,0.36,10.95,3.18,0.36,10.91,3.19,0.36,11.26,3.35,-0.13,10.84,3.32,-0.07,11.09,3.36,0.34,10.96,3.36,0.36,11.53,3.91,-0.24,10.44,3.79,-0.14,11.82,3.01,-0.08,10.23,3.11,0.17,11.77,2.2,0.03,10.2,2.32,0.53,11.8,2.05,0.02,10.17,2.14,0.57,11.66,2.04,-0.01,10.3,2.16,0.58,11.62,2.08,0.03,10.33,2.23,0.55,10.95,6.05,-0.05,10.24,5.91,0.04,11.67,7.22,0.56,9.44,6.86,0.91,11.1,8.4,0.07,9.18,7.95,0.48,10.88,8.65,0.05,9.24,8.21,0.43,11.64,8.76,0.01,8.79,8.08,0.44,
11.08,3.25,0.51,11.15,3.2,0.38,11.19,3.22,0.38,11.24,3.23,0.38,11.04,3.2,0.39,11.0,3.21,0.39,10.96,3.22,0.39,11.32,3.38,-0.09,10.88,3.35,-0.04,11.14,3.38,0.38,11.02,3.38,0.39,11.61,3.93,-0.19,10.47,3.8,-0.13,11.91,3.01,-0.03,10.27,3.11,0.14,11.81,2.2,0.07,10.24,2.29,0.47,11.81,2.05,0.07,10.21,2.11,0.49,11.68,2.04,0.03,10.37,2.14,0.52,11.64,2.08,0.07,10.4,2.22,0.49,10.98,6.07,-0.03,10.24,5.93,0.02,11.79,7.11,0.72,9.49,6.86,1.03,11.13,8.14,0.14,9.29,7.86,0.44,10.88,8.35,0.12,9.36,8.09,0.38,11.66,8.55,0.16,8.86,8.03,0.43,
11.16,3.26,0.58,11.22,3.21,0.45,11.26,3.23,0.45,11.31,3.24,0.45,11.11,3.21,0.46,11.07,3.22,0.46,11.04,3.23,0.46,11.38,3.39,-0.01,10.95,3.36,0.03,11.21,3.39,0.45,11.09,3.39,0.46,11.69,3.95,-0.15,10.51,3.81,-0.07,12.05,3.06,-0.08,10.26,3.11,0.15,11.94,2.24,-0.06,10.23,2.29,0.40,11.95,2.09,-0.07,10.17,2.11,0.42,11.83,2.08,-0.09,10.36,2.14,0.44,11.79,2.12,-0.06,10.39,2.22,0.43,11.0,6.07,-0.05,10.27,5.93,0.05,11.91,6.97,0.56,9.57,6.85,0.92,11.19,7.92,-0.35,9.47,7.76,-0.20,10.93,8.1,-0.39,9.54,7.91,-0.29,11.66,8.38,-0.27,9.07,7.97,-0.22,
11.23,3.26,0.59,11.29,3.22,0.47,11.33,3.23,0.47,11.37,3.24,0.47,11.18,3.21,0.47,11.15,3.22,0.47,11.11,3.24,0.47,11.44,3.39,0.01,11.03,3.36,0.04,11.27,3.39,0.46,11.16,3.39,0.47,11.75,3.96,-0.15,10.6,3.81,-0.05,12.23,3.12,-0.06,10.24,3.11,0.18,12.17,2.35,0.01,10.22,2.29,0.44,12.17,2.17,0.00,10.17,2.11,0.47,12.04,2.15,-0.04,10.33,2.14,0.49,12.01,2.2,0.00,10.37,2.21,0.47,11.01,6.05,-0.08,10.31,5.9,0.08,12.01,6.86,0.38,9.65,6.83,0.91,11.21,7.72,-0.33,9.66,7.6,-0.12,10.93,7.85,-0.36,9.77,7.7,-0.19,11.66,8.19,-0.24,9.35,7.88,-0.10,
11.31,3.26,0.68,11.36,3.21,0.56,11.41,3.23,0.56,11.45,3.24,0.56,11.26,3.21,0.57,11.22,3.22,0.57,11.19,3.23,0.57,11.52,3.39,0.13,11.09,3.36,0.16,11.35,3.39,0.55,11.23,3.39,0.56,11.83,3.95,-0.03,10.63,3.79,0.05,12.4,3.18,0.02,10.27,3.09,0.29,12.39,2.37,0.19,10.21,2.29,0.61,12.41,2.2,0.21,10.17,2.11,0.63,12.26,2.17,0.18,10.32,2.14,0.67,12.21,2.22,0.19,10.35,2.21,0.64,11.07,6.02,-0.08,10.34,5.89,0.07,12.11,6.68,0.39,9.74,6.83,0.88,11.28,7.47,-0.46,9.84,7.4,-0.39,11.01,7.59,-0.51,9.96,7.51,-0.50,11.68,7.99,-0.31,9.56,7.82,-0.37,
11.36,3.26,0.34,11.42,3.21,0.21,11.46,3.22,0.21,11.5,3.24,0.21,11.31,3.2,0.23,11.27,3.21,0.23,11.23,3.22,0.23,11.56,3.38,-0.22,11.13,3.33,-0.14,11.42,3.39,0.22,11.28,3.39,0.24,11.88,3.95,-0.34,10.66,3.77,-0.10,12.48,3.19,-0.34,10.29,3.08,0.21,12.61,2.36,-0.28,10.22,2.29,0.51,12.68,2.19,-0.30,10.18,2.11,0.53,12.52,2.17,-0.31,10.32,2.14,0.56,12.47,2.21,-0.27,10.36,2.21,0.53,11.14,6.0,-0.12,10.4,5.87,0.11,12.23,6.56,0.43,9.86,6.78,0.95,11.4,7.3,-0.32,9.96,7.21,-0.08,11.09,7.4,-0.36,10.15,7.31,-0.15,11.72,7.84,-0.13,9.76,7.73,-0.33,
11.4,3.24,0.31,11.46,3.18,0.19,11.51,3.2,0.19,11.56,3.21,0.19,11.34,3.18,0.19,11.3,3.18,0.19,11.26,3.19,0.19,11.63,3.34,-0.22,11.16,3.28,-0.19,11.46,3.37,0.20,11.32,3.37,0.20,11.96,3.94,-0.31,10.7,3.74,-0.20,12.55,3.18,-0.26,10.3,3.07,0.07,12.82,2.36,-0.16,10.22,2.29,0.41,12.91,2.19,-0.16,10.18,2.11,0.43,12.76,2.16,-0.18,10.32,2.14,0.46,12.71,2.21,-0.15,10.37,2.21,0.44,11.24,5.96,-0.09,10.49,5.85,0.09,12.33,6.52,0.44,9.93,6.78,0.74,11.47,7.21,-0.36,10.09,7.12,-0.18,11.18,7.28,-0.41,10.38,7.18,-0.24,11.77,7.7,-0.18,9.94,7.67,-0.08,
11.43,3.18,0.38,11.48,3.12,0.25,11.52,3.13,0.25,11.57,3.14,0.25,11.38,3.12,0.26,11.35,3.12,0.26,11.31,3.13,0.26,11.63,3.26,-0.17,11.23,3.22,-0.16,11.48,3.32,0.26,11.36,3.31,0.26,12.02,3.85,-0.27,10.8,3.72,-0.21,12.54,3.17,-0.22,10.33,3.07,0.01,12.84,2.35,-0.04,10.22,2.3,0.32,12.93,2.19,-0.02,10.17,2.12,0.33,12.79,2.16,-0.05,10.31,2.13,0.36,12.74,2.2,-0.03,10.36,2.21,0.35,11.34,5.9,-0.07,10.64,5.81,0.07,12.43,6.54,0.37,10.04,6.76,0.61,11.54,7.13,-0.41,10.25,7.13,-0.34,11.27,7.19,-0.46,10.53,7.19,-0.41,11.82,7.55,-0.26,10.05,7.67,-0.23,
11.48,3.13,0.50,11.53,3.06,0.37,11.57,3.07,0.37,11.61,3.08,0.37,11.43,3.06,0.37,11.4,3.06,0.37,11.36,3.06,0.37,11.67,3.18,-0.07,11.28,3.15,-0.06,11.53,3.26,0.37,11.41,3.25,0.37,12.06,3.76,-0.12,10.84,3.67,-0.17,12.53,3.09,0.08,10.36,3.08,0.04,12.82,2.31,0.34,10.22,2.3,0.45,12.91,2.16,0.38,10.17,2.12,0.47,12.77,2.14,0.34,10.3,2.13,0.51,12.72,2.18,0.34,10.34,2.2,0.49,11.47,5.87,-0.01,10.76,5.8,0.00,12.48,6.61,0.38,10.16,6.72,0.57,11.66,7.18,-0.18,10.37,7.24,-0.24,11.42,7.24,-0.21,10.64,7.33,-0.29,11.83,7.53,-0.02,10.18,7.71,-0.14,
11.55,3.08,-0.02,11.56,3.01,-0.06,11.57,3.01,-0.06,11.58,3.01,-0.06,11.54,3.01,-0.08,11.54,3.01,-0.08,11.52,3.02,-0.08,11.61,3.09,-0.16,11.49,3.11,-0.27,11.54,3.19,-0.04,11.52,3.2,-0.08,12.01,3.71,-0.13,11.32,3.71,-0.36,12.02,2.94,0.05,11.45,3.19,-0.37,12.09,2.19,0.21,11.23,2.31,-0.17,12.76,2.15,0.22,11.1,2.12,-0.26,12.62,2.12,0.19,11.15,2.13,-0.20,12.58,2.16,0.21,11.2,2.2,-0.16,11.42,5.8,0.02,11.19,5.79,-0.03,11.46,6.64,0.34,11.14,6.7,0.18,11.58,7.2,0.54,10.58,7.49,0.42,11.41,7.43,0.57,10.86,7.56,0.46,11.94,7.67,0.42,10.17,7.86,0.36,
11.58,3.05,1.20,11.62,2.99,1.07,11.65,2.99,1.07,11.68,3.0,1.07,11.55,2.99,1.07,11.52,2.99,1.07,11.49,3.0,1.07,11.75,3.08,0.59,11.43,3.1,0.60,11.62,3.17,1.05,11.53,3.17,1.05,12.2,3.65,0.48,11.08,3.66,0.26,12.68,2.97,0.78,11.06,3.18,0.48,12.77,2.2,1.15,10.81,2.34,0.97,12.9,2.14,1.21,10.66,2.14,0.98,12.75,2.12,1.15,10.71,2.13,1.01,12.7,2.15,1.15,10.75,2.21,1.00,11.75,5.79,0.12,11.18,5.71,-0.13,12.29,6.71,0.36,10.57,6.72,0.17,11.86,7.65,-0.24,10.51,7.94,-0.76,11.72,7.9,-0.32,10.68,8.17,-0.85,12.3,7.91,-0.43,10.03,8.14,-0.95,
11.63,3.04,0.91,11.66,2.98,0.78,11.68,2.98,0.78,11.7,2.99,0.78,11.61,2.98,0.78,11.59,2.99,0.78,11.57,3.0,0.78,11.76,3.07,0.34,11.54,3.1,0.33,11.67,3.16,0.78,11.6,3.16,0.77,12.26,3.64,0.26,11.14,3.66,0.07,12.8,2.98,0.57,10.75,3.18,0.30,12.86,2.2,0.89,10.78,2.35,0.73,12.92,2.14,0.92,10.59,2.16,0.72,12.78,2.12,0.88,10.6,2.13,0.75,12.74,2.15,0.88,10.64,2.21,0.76,11.86,5.74,0.13,11.38,5.68,-0.14,12.4,6.83,0.25,10.61,6.78,0.00,12.12,8.03,-0.19,10.4,8.22,-0.57,11.98,8.3,-0.23,10.52,8.48,-0.62,12.62,8.27,-0.30,9.92,8.31,-0.78,
11.7,3.03,0.73,11.74,2.98,0.57,11.77,2.98,0.56,11.81,2.99,0.56,11.66,2.98,0.56,11.64,2.99,0.56,11.61,3.0,0.56,11.87,3.09,0.10,11.57,3.11,0.07,11.75,3.14,0.58,11.65,3.15,0.56,12.34,3.65,0.00,11.19,3.66,-0.14,12.81,2.99,0.18,10.71,3.17,-0.11,12.89,2.21,0.23,10.62,2.35,-0.04,12.93,2.13,0.17,10.52,2.17,-0.13,12.79,2.11,0.13,10.59,2.14,-0.13,12.75,2.15,0.21,10.62,2.2,-0.04,11.97,5.73,0.10,11.42,5.68,-0.10,12.38,6.91,0.10,10.74,6.87,0.10,12.33,8.24,-0.04,10.31,8.28,-0.29,12.21,8.5,-0.04,10.47,8.55,-0.29,12.86,8.47,-0.24,9.9,8.33,-0.45,
11.79,3.05,0.92,11.85,3.0,0.80,11.89,3.0,0.80,11.94,3.01,0.80,11.74,3.01,0.79,11.71,3.02,0.79,11.67,3.03,0.79,12.02,3.13,0.35,11.61,3.15,0.31,11.86,3.17,0.79,11.73,3.2,0.77,12.44,3.65,0.20,11.25,3.69,0.06,12.85,2.98,0.40,10.73,3.15,0.11,12.88,2.21,0.54,10.63,2.34,0.21,12.93,2.12,0.53,10.53,2.17,0.18,12.77,2.11,0.49,10.65,2.14,0.19,12.73,2.15,0.54,10.71,2.21,0.23,12.08,5.76,0.08,11.42,5.72,-0.09,12.42,7.0,0.39,10.8,6.93,0.26,12.48,8.34,0.26,10.27,8.29,-0.17,12.37,8.61,0.26,10.38,8.57,-0.19,13.03,8.57,0.11,9.91,8.34,-0.36,
11.86,3.11,0.91,11.92,3.05,0.73,11.97,3.05,0.73,12.01,3.05,0.73,11.81,3.07,0.70,11.78,3.09,0.70,11.75,3.11,0.70,12.11,3.19,0.21,11.68,3.24,0.14,11.93,3.23,0.74,11.81,3.27,0.69,12.52,3.69,0.00,11.36,3.77,-0.05,12.87,2.98,0.08,10.83,3.15,-0.01,12.89,2.22,0.06,10.94,2.33,0.01,12.96,2.11,0.01,10.94,2.17,-0.05,12.79,2.1,-0.01,11.08,2.16,-0.06,12.73,2.14,0.06,11.13,2.21,0.01,12.13,5.84,0.06,11.48,5.78,-0.06,12.51,7.07,0.45,10.85,6.99,0.27,12.56,8.4,0.26,10.28,8.29,-0.07,12.45,8.68,0.26,10.36,8.56,-0.10,13.1,8.61,0.10,9.92,8.36,-0.30,
11.95,3.12,0.81,12.01,3.07,0.62,12.04,3.08,0.62,12.08,3.09,0.62,11.91,3.09,0.64,11.89,3.11,0.64,11.86,3.12,0.64,12.16,3.23,0.10,11.8,3.27,0.13,12.01,3.24,0.61,11.91,3.27,0.63,12.59,3.73,-0.13,11.46,3.8,-0.03,12.88,2.96,-0.08,11.04,3.15,0.01,12.85,2.21,-0.04,11.29,2.34,0.11,12.91,2.1,-0.10,11.3,2.19,0.07,12.75,2.09,-0.11,11.47,2.18,0.05,12.69,2.13,-0.05,11.51,2.23,0.10,12.11,5.89,-0.07,11.5,5.82,0.07,12.68,7.11,0.40,10.88,7.0,0.63,12.61,8.43,0.14,10.3,8.29,0.19,12.47,8.71,0.12,10.35,8.56,0.16,13.16,8.62,-0.03,9.97,8.39,0.03,
12.05,3.17,0.78,12.12,3.12,0.63,12.16,3.12,0.63,12.21,3.13,0.63,12.01,3.13,0.64,11.98,3.14,0.64,11.94,3.15,0.64,12.29,3.26,0.12,11.88,3.29,0.15,12.12,3.29,0.62,12.0,3.32,0.63,12.66,3.79,-0.09,11.56,3.81,0.02,12.92,2.95,0.03,11.29,3.11,0.14,12.84,2.21,0.11,11.46,2.33,0.18,12.89,2.1,0.10,11.45,2.19,0.15,12.74,2.09,0.07,11.6,2.18,0.15,12.68,2.13,0.11,11.64,2.23,0.19,12.14,5.91,-0.07,11.48,5.84,0.07,12.86,7.08,0.34,10.87,7.04,0.68,12.6,8.39,0.19,10.34,8.29,0.46,12.45,8.65,0.20,10.36,8.59,0.45,13.16,8.57,0.15,10.05,8.36,0.39,
12.18,3.19,0.76,12.25,3.14,0.62,12.29,3.15,0.62,12.34,3.16,0.62,12.13,3.14,0.63,12.1,3.15,0.63,12.06,3.16,0.63,12.43,3.29,0.12,12.0,3.3,0.17,12.26,3.31,0.61,12.13,3.33,0.62,12.76,3.83,-0.07,11.66,3.81,0.03,13.05,2.95,0.13,11.48,3.11,0.22,12.88,2.22,0.39,11.51,2.34,0.37,12.93,2.1,0.39,11.47,2.19,0.35,12.78,2.1,0.35,11.62,2.18,0.35,12.71,2.13,0.39,11.68,2.23,0.38,12.18,5.94,-0.06,11.49,5.86,0.05,12.98,7.05,0.40,10.89,7.07,0.66,12.54,8.31,0.30,10.4,8.28,0.34,12.38,8.55,0.31,10.43,8.56,0.32,13.09,8.52,0.28,10.11,8.33,0.26,
12.29,3.21,1.01,12.36,3.17,0.88,12.4,3.18,0.88,12.45,3.19,0.89,12.24,3.17,0.89,12.2,3.18,0.89,12.16,3.19,0.89,12.52,3.33,0.42,12.08,3.33,0.45,12.36,3.33,0.87,12.23,3.34,0.87,12.85,3.88,0.21,11.7,3.81,0.23,13.28,3.02,0.42,11.48,3.11,0.46,13.09,2.27,0.70,11.47,2.34,0.69,13.08,2.13,0.73,11.44,2.19,0.70,12.95,2.12,0.69,11.58,2.18,0.71,12.9,2.16,0.70,11.61,2.23,0.71,12.25,5.94,-0.04,11.51,5.86,0.04,13.13,6.96,0.63,10.97,7.04,0.77,12.5,8.12,-0.06,10.55,8.23,-0.23,12.3,8.36,-0.11,10.6,8.5,-0.32,13.05,8.45,0.02,10.21,8.31,-0.31,
12.37,3.23,0.99,12.43,3.19,0.88,12.48,3.2,0.88,12.52,3.22,0.88,12.32,3.19,0.88,12.28,3.21,0.88,12.24,3.22,0.88,12.6,3.36,0.44,12.17,3.36,0.47,12.43,3.35,0.86,12.3,3.36,0.87,12.95,3.91,0.24,11.78,3.81,0.25,13.47,3.1,0.33,11.5,3.11,0.45,13.37,2.34,0.52,11.45,2.32,0.70,13.37,2.18,0.53,11.42,2.17,0.71,13.22,2.16,0.50,11.59,2.17,0.73,13.17,2.2,0.52,11.61,2.22,0.72,12.28,5.94,-0.04,11.56,5.86,0.04,13.23,6.82,0.61,11.01,7.01,0.68,12.46,7.8,-0.49,10.74,8.09,-0.78,12.24,7.99,-0.57,10.78,8.37,-0.91,12.97,8.25,-0.45,10.37,8.29,-0.89,
12.42,3.26,0.54,12.48,3.21,0.42,12.52,3.22,0.42,12.57,3.24,0.42,12.37,3.22,0.42,12.33,3.23,0.42,12.3,3.24,0.42,12.65,3.38,-0.01,12.23,3.37,-0.01,12.48,3.38,0.42,12.36,3.39,0.42,13.02,3.91,-0.15,11.85,3.81,-0.12,13.61,3.16,-0.10,11.53,3.11,0.06,13.71,2.39,-0.05,11.43,2.32,0.25,13.76,2.21,-0.05,11.39,2.16,0.24,13.6,2.18,-0.07,11.54,2.15,0.28,13.55,2.22,-0.04,11.57,2.21,0.27,12.34,5.94,-0.03,11.63,5.85,0.03,13.31,6.72,0.69,11.1,6.89,0.70,12.46,7.53,-0.19,10.93,7.86,-0.38,12.21,7.64,-0.25,11.03,8.07,-0.46,12.94,7.98,0.04,10.57,8.13,-0.47,
12.52,3.25,0.41,12.58,3.2,0.28,12.62,3.21,0.28,12.67,3.23,0.28,12.47,3.21,0.29,12.43,3.22,0.29,12.39,3.23,0.29,12.74,3.37,-0.13,12.32,3.37,-0.12,12.58,3.37,0.29,12.45,3.38,0.29,13.1,3.9,-0.26,11.93,3.79,-0.16,13.71,3.16,-0.22,11.55,3.1,0.04,13.99,2.41,-0.17,11.45,2.32,0.29,14.07,2.27,-0.18,11.41,2.16,0.28,13.96,2.22,-0.20,11.54,2.15,0.32,13.91,2.26,-0.16,11.58,2.21,0.31,12.4,5.93,-0.08,11.73,5.83,0.08,13.38,6.69,0.54,11.2,6.83,0.77,12.47,7.3,-0.13,11.13,7.66,-0.20,12.22,7.37,-0.18,11.25,7.81,-0.29,12.85,7.75,0.05,10.84,7.94,-0.19,
12.58,3.25,0.30,12.65,3.19,0.18,12.69,3.2,0.18,12.75,3.22,0.18,12.53,3.19,0.18,12.49,3.2,0.18,12.45,3.21,0.18,12.82,3.34,-0.24,12.37,3.29,-0.23,12.64,3.37,0.19,12.5,3.37,0.19,13.17,3.89,-0.32,11.95,3.74,-0.27,13.8,3.15,-0.22,11.56,3.1,0.04,14.15,2.41,-0.14,11.45,2.32,0.42,14.29,2.27,-0.15,11.41,2.16,0.43,14.18,2.22,-0.18,11.54,2.15,0.46,14.11,2.26,-0.13,11.59,2.21,0.45,12.47,5.92,-0.07,11.76,5.82,0.06,13.35,6.69,0.84,11.32,6.78,1.02,12.53,7.39,0.59,11.33,7.55,0.60,12.29,7.48,0.59,11.41,7.69,0.58,12.84,7.75,0.74,11.03,7.85,0.62,
12.67,3.19,0.71,12.74,3.13,0.59,12.79,3.14,0.59,12.84,3.15,0.59,12.61,3.12,0.59,12.57,3.13,0.59,12.53,3.13,0.59,12.91,3.26,0.14,12.45,3.2,0.14,12.73,3.32,0.58,12.59,3.31,0.58,13.26,3.82,-0.02,12.02,3.68,-0.03,13.88,3.15,-0.07,11.61,3.09,0.22,14.21,2.4,0.02,11.46,2.33,0.59,14.35,2.26,0.01,11.41,2.17,0.59,14.22,2.22,-0.01,11.54,2.15,0.63,14.15,2.25,0.02,11.58,2.21,0.62,12.58,5.91,-0.04,11.85,5.8,0.04,13.32,6.71,0.77,11.45,6.77,0.66,12.66,7.53,-0.18,11.44,7.62,-0.43,12.43,7.66,-0.25,11.52,7.78,-0.53,13.04,7.88,-0.27,11.19,7.9,-0.59,
12.75,3.12,1.15,12.81,3.06,1.03,12.86,3.07,1.03,12.91,3.08,1.03,12.69,3.05,1.03,12.65,3.05,1.03,12.61,3.05,1.03,12.99,3.17,0.55,12.53,3.12,0.54,12.81,3.25,1.01,12.68,3.24,1.00,13.35,3.74,0.39,12.1,3.64,0.25,13.94,3.09,0.56,11.65,3.09,0.51,14.22,2.37,0.73,11.48,2.34,0.96,14.33,2.22,0.78,11.42,2.18,0.98,14.21,2.18,0.70,11.54,2.15,1.00,14.14,2.22,0.73,11.58,2.21,0.99,12.72,5.87,0.03,12.03,5.75,-0.03,13.33,6.76,0.47,11.62,6.78,0.38,12.91,7.84,-0.56,11.46,7.82,-0.82,12.72,8.06,-0.65,11.5,8.08,-0.93,13.37,8.18,-0.74,11.13,7.9,-1.07,
12.82,3.07,1.08,12.88,3.01,0.95,12.93,3.01,0.95,12.98,3.02,0.95,12.76,3.0,0.95,12.73,3.0,0.95,12.69,3.01,0.95,13.05,3.11,0.45,12.61,3.08,0.45,12.89,3.19,0.93,12.76,3.19,0.93,13.43,3.67,0.32,12.2,3.62,0.17,13.97,3.05,0.53,11.73,3.1,0.42,14.23,2.34,0.69,11.49,2.36,0.85,14.33,2.18,0.70,11.41,2.2,0.84,14.21,2.15,0.64,11.53,2.16,0.85,14.15,2.2,0.68,11.57,2.22,0.87,12.85,5.81,0.07,12.21,5.67,-0.07,13.31,6.83,0.35,11.73,6.79,0.02,13.15,8.13,-0.30,11.41,8.07,-0.78,13.01,8.39,-0.35,11.44,8.33,-0.87,13.66,8.41,-0.42,11.15,8.18,-1.12,
12.93,3.05,1.26,12.99,2.99,1.13,13.03,2.99,1.13,13.08,3.0,1.13,12.88,2.98,1.14,12.85,2.99,1.14,12.81,2.99,1.14,13.14,3.1,0.62,12.73,3.08,0.65,12.99,3.17,1.11,12.87,3.17,1.11,13.52,3.65,0.46,12.31,3.61,0.34,14.03,3.05,0.77,11.83,3.11,0.55,14.23,2.34,1.08,11.54,2.38,0.88,14.32,2.18,1.10,11.44,2.21,0.85,14.2,2.15,1.04,11.54,2.16,0.85,14.15,2.2,1.08,11.58,2.22,0.89,13.02,5.75,0.06,12.37,5.64,-0.06,13.37,6.85,0.16,11.81,6.79,-0.11,13.31,8.26,-0.28,11.39,8.15,-0.79,13.23,8.51,-0.32,11.39,8.4,-0.86,13.89,8.51,-0.54,11.21,8.28,-1.15,
13.02,3.03,1.05,13.07,2.98,0.92,13.11,2.98,0.92,13.15,2.99,0.92,12.96,2.97,0.93,12.93,2.98,0.93,12.89,2.99,0.93,13.21,3.1,0.49,12.8,3.08,0.46,13.07,3.14,0.91,12.95,3.15,0.91,13.61,3.65,0.27,12.4,3.61,0.23,14.1,3.05,0.42,11.93,3.1,0.45,14.26,2.34,0.45,11.58,2.38,0.57,14.34,2.18,0.38,11.45,2.22,0.50,14.22,2.15,0.34,11.54,2.16,0.48,14.17,2.2,0.44,11.59,2.23,0.56,13.15,5.73,-0.02,12.52,5.64,0.02,13.47,6.89,-0.04,11.9,6.79,0.08,13.45,8.3,-0.24,11.36,8.13,-0.24,13.35,8.56,-0.24,11.36,8.39,-0.26,13.97,8.53,-0.42,11.24,8.25,-0.53,
13.06,3.03,0.70,13.12,2.98,0.55,13.16,2.99,0.55,13.2,3.0,0.55,13.01,2.98,0.57,12.98,2.99,0.57,12.95,3.0,0.57,13.27,3.11,0.06,12.87,3.09,0.13,13.12,3.15,0.55,13.0,3.16,0.57,13.68,3.65,-0.08,12.5,3.62,0.01,14.14,3.04,0.16,12.02,3.1,0.13,14.28,2.33,0.32,11.64,2.37,0.22,14.34,2.16,0.28,11.5,2.21,0.16,14.22,2.14,0.24,11.59,2.16,0.15,14.18,2.19,0.32,11.64,2.22,0.23,13.29,5.75,-0.05,12.67,5.65,0.05,13.61,6.95,0.08,11.97,6.8,0.40,13.54,8.33,0.09,11.33,8.1,0.42,13.38,8.61,0.11,11.32,8.35,0.42,14.1,8.58,-0.08,11.18,8.15,0.28,
13.12,3.07,0.66,13.19,3.01,0.50,13.24,3.02,0.50,13.28,3.03,0.50,13.08,3.02,0.52,13.04,3.03,0.52,13.01,3.04,0.52,13.36,3.14,0.00,12.94,3.13,0.05,13.18,3.19,0.51,13.06,3.21,0.52,13.75,3.67,-0.11,12.59,3.67,-0.10,14.16,3.04,0.19,12.09,3.13,0.09,14.3,2.32,0.36,11.85,2.38,0.29,14.37,2.16,0.34,11.74,2.21,0.25,14.25,2.13,0.29,11.86,2.16,0.26,14.2,2.18,0.36,11.92,2.22,0.30,13.4,5.76,-0.04,12.8,5.7,0.04,13.71,6.98,0.19,11.99,6.8,0.61,13.59,8.33,0.11,11.34,8.09,0.63,13.42,8.6,0.12,11.31,8.34,0.65,14.1,8.62,-0.03,11.12,8.03,0.55,
13.17,3.19,0.46,13.25,3.11,0.32,13.29,3.11,0.32,13.34,3.12,0.32,13.14,3.12,0.34,13.11,3.14,0.34,13.07,3.15,0.34,13.43,3.26,-0.16,13.02,3.26,-0.09,13.25,3.32,0.33,13.13,3.34,0.34,13.81,3.74,-0.30,12.67,3.76,-0.15,14.18,3.04,-0.15,12.17,3.15,0.01,14.31,2.32,-0.15,12.18,2.36,0.04,14.37,2.15,-0.20,12.14,2.21,-0.02,14.23,2.13,-0.24,12.3,2.17,-0.02,14.19,2.18,-0.15,12.34,2.23,0.04,13.43,5.85,-0.08,12.81,5.78,0.08,13.83,7.02,0.22,11.98,6.83,0.71,13.64,8.33,0.18,11.34,8.07,0.67,13.48,8.59,0.19,11.31,8.33,0.67,14.16,8.64,0.07,11.08,7.94,0.60,
13.24,3.2,0.47,13.31,3.13,0.33,13.35,3.14,0.33,13.39,3.15,0.33,13.21,3.15,0.34,13.18,3.16,0.35,13.15,3.18,0.34,13.48,3.29,-0.12,13.11,3.3,-0.07,13.3,3.32,0.34,13.2,3.34,0.35,13.88,3.79,-0.27,12.76,3.78,-0.13,14.2,3.01,-0.13,12.35,3.15,-0.01,14.32,2.3,-0.11,12.55,2.36,0.04,14.4,2.14,-0.15,12.55,2.21,0.01,14.25,2.13,-0.17,12.69,2.18,-0.00,14.19,2.17,-0.11,12.73,2.24,0.04,13.46,5.89,-0.08,12.85,5.82,0.08,13.95,7.06,0.24,11.99,6.84,0.85,13.69,8.31,0.15,11.39,8.06,0.65,13.51,8.55,0.12,11.37,8.33,0.65,14.17,8.66,-0.04,11.07,7.93,0.62,
13.34,3.22,0.56,13.41,3.16,0.42,13.46,3.17,0.42,13.5,3.18,0.42,13.31,3.17,0.44,13.27,3.19,0.44,13.24,3.2,0.44,13.59,3.32,-0.04,13.18,3.33,0.00,13.41,3.34,0.42,13.29,3.36,0.43,13.94,3.82,-0.18,12.83,3.78,-0.09,14.19,2.99,-0.02,12.58,3.13,0.07,14.29,2.26,0.06,12.74,2.35,0.18,14.37,2.12,0.04,12.72,2.21,0.16,14.23,2.11,0.01,12.86,2.19,0.16,14.17,2.15,0.06,12.9,2.24,0.19,13.5,5.94,-0.07,12.84,5.87,0.07,14.05,7.07,0.53,12.03,6.85,0.85,13.68,8.27,0.34,11.5,8.05,0.55,13.52,8.53,0.35,11.48,8.32,0.54,14.17,8.62,0.31,11.15,7.96,0.50,
13.46,3.27,0.57,13.53,3.21,0.44,13.57,3.22,0.44,13.62,3.23,0.44,13.42,3.21,0.45,13.38,3.22,0.45,13.35,3.23,0.45,13.69,3.36,-0.02,13.29,3.35,0.01,13.53,3.39,0.44,13.41,3.39,0.44,14.01,3.86,-0.14,12.92,3.78,-0.09,14.26,2.98,0.04,12.81,3.12,0.08,14.27,2.24,0.13,12.83,2.33,0.25,14.35,2.11,0.11,12.77,2.19,0.22,14.21,2.11,0.08,12.91,2.18,0.22,14.15,2.14,0.13,12.97,2.23,0.26,13.55,6.0,-0.07,12.85,5.92,0.06,14.18,7.07,0.73,12.04,6.86,0.85,13.7,8.14,0.73,11.63,8.02,0.62,13.5,8.3,0.75,11.63,8.28,0.61,14.12,8.58,0.78,11.25,7.97,0.57,
13.52,3.27,0.29,13.58,3.22,0.17,13.62,3.23,0.17,13.67,3.25,0.17,13.48,3.22,0.18,13.45,3.24,0.18,13.42,3.24,0.18,13.74,3.38,-0.22,13.37,3.37,-0.18,13.58,3.4,0.18,13.48,3.4,0.19,14.07,3.88,-0.31,13.04,3.81,-0.18,14.4,2.99,-0.18,12.89,3.12,-0.02,14.31,2.24,-0.14,12.78,2.31,0.13,14.36,2.12,-0.19,12.72,2.16,0.11,14.22,2.11,-0.21,12.84,2.16,0.12,14.15,2.14,-0.14,12.91,2.22,0.14,13.53,6.0,-0.10,12.89,5.93,0.10,14.26,7.04,0.71,12.12,6.85,1.04,13.71,7.87,0.66,11.81,7.85,0.80,13.48,7.98,0.68,11.84,8.12,0.78,14.11,8.33,0.70,11.46,7.95,0.75,
13.6,3.26,0.46,13.66,3.22,0.33,13.7,3.23,0.33,13.75,3.24,0.33,13.54,3.22,0.34,13.5,3.23,0.34,13.47,3.24,0.34,13.81,3.39,-0.12,13.4,3.37,-0.07,13.67,3.39,0.33,13.54,3.39,0.34,14.16,3.91,-0.23,13.02,3.8,-0.17,14.6,3.05,-0.09,12.83,3.11,0.12,14.6,2.26,-0.03,12.76,2.3,0.39,14.62,2.14,-0.04,12.71,2.15,0.41,14.47,2.12,-0.07,12.84,2.15,0.44,14.42,2.15,-0.02,12.89,2.22,0.42,13.58,5.98,-0.09,12.88,5.91,0.09,14.35,6.91,0.68,12.22,6.77,1.04,13.72,7.61,0.32,12.0,7.67,0.23,13.44,7.7,0.30,12.06,7.88,0.15,14.08,8.05,0.38,11.63,7.88,0.24,
13.69,3.26,0.46,13.74,3.21,0.34,13.78,3.22,0.34,13.83,3.23,0.34,13.61,3.21,0.35,13.57,3.23,0.35,13.53,3.24,0.35,13.89,3.38,-0.09,13.46,3.37,-0.07,13.76,3.39,0.34,13.61,3.39,0.34,14.24,3.92,-0.21,13.05,3.8,-0.14,14.74,3.11,-0.18,12.83,3.12,0.09,14.91,2.35,-0.16,12.74,2.3,0.38,14.95,2.19,-0.17,12.67,2.14,0.37,14.81,2.16,-0.19,12.85,2.15,0.39,14.76,2.19,-0.15,12.88,2.21,0.39,13.61,5.98,-0.09,12.88,5.9,0.09,14.44,6.82,0.46,12.35,6.65,0.91,13.71,7.38,-0.23,12.2,7.48,-0.33,13.43,7.42,-0.26,12.26,7.64,-0.42,14.06,7.86,-0.06,11.89,7.77,-0.34,
13.74,3.26,0.43,13.79,3.2,0.31,13.84,3.22,0.31,13.88,3.23,0.31,13.68,3.21,0.32,13.64,3.22,0.32,13.6,3.23,0.32,13.94,3.38,-0.11,13.52,3.36,-0.10,13.81,3.38,0.31,13.68,3.38,0.31,14.3,3.92,-0.25,13.13,3.8,-0.15,14.89,3.19,-0.27,12.89,3.12,0.09,15.16,2.44,-0.29,12.72,2.3,0.39,15.23,2.29,-0.31,12.65,2.14,0.41,15.11,2.25,-0.32,12.79,2.15,0.45,15.07,2.28,-0.28,12.83,2.21,0.42,13.63,5.97,-0.10,12.92,5.9,0.10,14.55,6.64,0.46,12.46,6.62,0.85,13.69,7.16,-0.33,12.36,7.26,-0.39,13.42,7.18,-0.37,12.42,7.4,-0.49,14.05,7.66,-0.15,12.12,7.69,-0.41,
13.83,3.24,0.32,13.87,3.2,0.19,13.91,3.21,0.19,13.95,3.23,0.19,13.76,3.2,0.20,13.72,3.21,0.20,13.67,3.22,0.20,14.01,3.37,-0.23,13.59,3.34,-0.19,13.89,3.37,0.20,13.76,3.37,0.20,14.37,3.92,-0.37,13.17,3.76,-0.20,15.0,3.2,-0.42,12.9,3.09,0.07,15.38,2.47,-0.48,12.75,2.3,0.39,15.48,2.32,-0.52,12.67,2.14,0.41,15.37,2.27,-0.53,12.8,2.15,0.44,15.32,2.3,-0.47,12.86,2.21,0.42,13.7,5.96,-0.12,12.99,5.89,0.12,14.78,6.58,0.37,12.59,6.64,0.83,13.74,6.99,-0.31,12.6,7.04,-0.28,13.46,6.95,-0.33,12.71,7.07,-0.36,14.01,7.47,-0.05,12.33,7.54,-0.20,
13.89,3.19,0.13,13.92,3.15,0.00,13.96,3.16,0.00,14.0,3.17,0.00,13.81,3.15,0.02,13.78,3.16,0.02,13.74,3.17,0.02,14.05,3.3,-0.41,13.65,3.27,-0.36,13.95,3.31,0.01,13.82,3.32,0.02,14.44,3.88,-0.51,13.23,3.71,-0.33,15.08,3.18,-0.49,12.9,3.07,0.02,15.48,2.45,-0.49,12.75,2.31,0.40,15.58,2.31,-0.53,12.68,2.15,0.44,15.47,2.26,-0.55,12.8,2.14,0.46,15.42,2.29,-0.49,12.86,2.21,0.43,13.78,5.94,-0.14,13.08,5.87,0.14,14.91,6.55,0.31,12.7,6.65,0.82,13.84,6.93,-0.24,12.7,6.95,-0.11,13.59,6.88,-0.25,12.81,6.96,-0.18,14.0,7.38,-0.01,12.45,7.4,-0.01,
13.93,3.16,0.07,13.97,3.11,-0.06,14.01,3.12,-0.06,14.06,3.13,-0.06,13.85,3.11,-0.05,13.81,3.12,-0.05,13.77,3.13,-0.05,14.12,3.25,-0.50,13.69,3.22,-0.44,13.99,3.28,-0.05,13.86,3.28,-0.04,14.51,3.83,-0.57,13.28,3.67,-0.40,15.15,3.18,-0.53,12.93,3.06,-0.06,15.51,2.45,-0.54,12.76,2.31,0.35,15.61,2.31,-0.57,12.68,2.14,0.42,15.5,2.26,-0.59,12.81,2.13,0.41,15.44,2.29,-0.53,12.85,2.2,0.38,13.9,5.91,-0.13,13.18,5.83,0.13,14.96,6.54,0.35,12.76,6.65,0.86,13.95,6.98,-0.17,12.73,7.04,-0.07,13.7,6.93,-0.18,12.83,7.11,-0.12,14.01,7.37,0.01,12.47,7.41,0.04,
13.98,3.08,0.14,14.03,3.04,0.01,14.07,3.04,0.01,14.12,3.06,0.01,13.91,3.03,0.02,13.87,3.04,0.02,13.83,3.05,0.02,14.18,3.17,-0.45,13.75,3.15,-0.38,14.04,3.2,0.01,13.91,3.2,0.03,14.6,3.73,-0.50,13.35,3.65,-0.38,15.21,3.09,-0.39,12.97,3.05,-0.05,15.53,2.35,-0.37,12.77,2.32,0.35,15.63,2.23,-0.44,12.69,2.15,0.40,15.5,2.19,-0.44,12.8,2.13,0.40,15.44,2.23,-0.37,12.85,2.2,0.38,14.06,5.88,-0.10,13.35,5.78,0.09,14.99,6.58,0.72,12.83,6.64,1.05,14.08,7.14,0.49,12.69,7.05,0.52,13.82,7.15,0.50,12.74,7.27,0.49,14.03,7.5,0.66,12.38,7.5,0.54,
14.02,3.06,0.73,14.07,3.0,0.58,14.12,3.01,0.58,14.17,3.02,0.58,13.96,3.0,0.60,13.93,3.01,0.60,13.89,3.02,0.60,14.25,3.12,0.06,13.83,3.11,0.12,14.09,3.18,0.57,13.96,3.18,0.58,14.68,3.64,-0.02,13.43,3.62,-0.06,15.26,3.01,0.35,13.02,3.05,0.32,15.52,2.3,0.73,12.78,2.34,0.89,15.62,2.17,0.80,12.69,2.16,0.94,15.49,2.15,0.76,12.8,2.13,0.96,15.44,2.19,0.74,12.85,2.2,0.92,14.23,5.83,0.01,13.55,5.73,-0.01,14.93,6.61,0.71,12.97,6.65,0.58,14.16,7.41,0.36,12.68,7.6,-0.20,13.88,7.54,0.35,12.7,7.9,-0.26,14.3,7.73,0.43,12.33,7.74,-0.29,
14.16,3.05,1.08,14.22,2.98,0.94,14.26,2.99,0.94,14.31,3.0,0.94,14.11,2.98,0.96,14.07,2.98,0.96,14.04,2.99,0.96,14.37,3.09,0.40,13.96,3.09,0.49,14.21,3.17,0.92,14.1,3.17,0.94,14.77,3.62,0.26,13.56,3.61,0.25,15.29,3.02,0.66,13.1,3.02,0.60,15.52,2.3,1.11,12.79,2.33,1.15,15.63,2.17,1.18,12.69,2.16,1.17,15.51,2.14,1.13,12.79,2.13,1.20,15.45,2.18,1.12,12.84,2.2,1.18,14.41,5.75,0.02,13.81,5.69,-0.02,14.91,6.69,0.63,13.11,6.66,0.33,14.27,7.76,0.23,12.6,7.85,-0.49,14.05,7.9,0.23,12.63,8.16,-0.57,14.58,8.18,0.19,12.23,7.96,-0.66,
14.26,3.03,0.86,14.31,2.97,0.73,14.34,2.98,0.73,14.38,2.99,0.73,14.21,2.97,0.75,14.18,2.97,0.75,14.14,2.98,0.75,14.45,3.09,0.24,14.07,3.08,0.31,14.31,3.14,0.72,14.2,3.15,0.73,14.87,3.63,0.13,13.69,3.61,0.10,15.37,3.02,0.43,13.21,2.99,0.35,15.55,2.3,0.71,12.82,2.32,0.83,15.64,2.16,0.74,12.7,2.16,1.05,15.52,2.13,0.70,12.79,2.13,1.08,15.46,2.17,0.72,12.83,2.19,0.86,14.59,5.76,0.02,13.99,5.7,-0.03,14.91,6.82,0.59,13.21,6.72,0.38,14.37,7.92,0.35,12.59,7.99,-0.23,14.21,8.02,0.35,12.6,8.26,-0.32,14.67,8.39,0.26,12.24,8.03,-0.32,
14.38,3.04,1.07,14.44,2.99,0.95,14.48,2.99,0.95,14.52,3.0,0.95,14.34,2.98,0.97,14.3,2.99,0.97,14.27,2.99,0.97,14.59,3.11,0.47,14.19,3.1,0.55,14.44,3.15,0.92,14.32,3.16,0.94,14.95,3.65,0.35,13.8,3.62,0.25,15.41,3.02,0.55,13.3,2.99,0.37,15.57,2.31,0.74,12.88,2.32,0.71,15.64,2.15,0.79,12.73,2.18,0.79,15.52,2.13,0.73,12.81,2.14,0.79,15.47,2.17,0.74,12.86,2.19,0.74,14.75,5.77,0.05,14.13,5.7,-0.05,14.96,6.92,0.59,13.26,6.76,0.36,14.42,7.91,-0.47,12.67,7.99,-1.07,14.22,7.98,-0.58,12.66,8.27,-1.21,14.54,8.56,-0.71,12.27,8.05,-1.39,
14.5,3.05,0.92,14.57,3.03,0.81,14.61,3.04,0.81,14.65,3.05,0.81,14.46,3.02,0.82,14.42,3.03,0.82,14.38,3.04,0.82,14.72,3.18,0.35,14.3,3.16,0.41,14.55,3.16,0.79,14.43,3.17,0.80,15.06,3.67,0.24,13.89,3.68,0.15,15.47,3.03,0.32,13.34,3.0,0.26,15.6,2.31,0.52,12.98,2.32,0.37,15.66,2.16,0.53,12.83,2.2,0.32,15.54,2.13,0.43,12.92,2.16,0.38,15.5,2.17,0.48,12.99,2.2,0.40,14.88,5.81,0.07,14.23,5.76,-0.07,15.07,7.03,0.75,13.32,6.85,0.35,14.39,7.87,-0.20,12.78,8.02,-1.16,14.23,7.88,-0.28,12.8,8.27,-1.31,14.46,8.52,-0.35,12.39,8.06,-1.48,
14.62,3.09,0.73,14.68,3.08,0.62,14.72,3.1,0.62,14.77,3.11,0.62,14.57,3.08,0.62,14.54,3.09,0.62,14.5,3.1,0.62,14.84,3.25,0.23,14.41,3.23,0.20,14.67,3.2,0.62,14.56,3.21,0.62,15.16,3.72,0.11,13.98,3.72,-0.08,15.5,3.03,0.16,13.46,3.08,-0.00,15.6,2.31,0.05,13.22,2.35,0.20,15.65,2.16,0.04,13.09,2.23,0.14,15.53,2.13,-0.03,13.22,2.21,0.20,15.49,2.18,0.03,13.29,2.25,0.23,14.96,5.92,0.11,14.3,5.83,-0.12,15.16,7.11,0.88,13.4,6.92,0.43,14.36,7.81,0.26,12.84,8.12,-0.63,14.24,7.85,0.22,12.88,8.37,-0.73,14.3,8.44,0.16,12.43,8.09,-0.82,
14.69,3.13,0.40,14.75,3.13,0.28,14.8,3.14,0.28,14.84,3.16,0.28,14.64,3.13,0.29,14.6,3.14,0.29,14.56,3.16,0.29,14.91,3.32,-0.09,14.48,3.29,-0.08,14.76,3.25,0.29,14.63,3.25,0.29,15.23,3.78,-0.07,14.08,3.79,-0.25,15.53,3.03,-0.06,13.64,3.16,-0.20,15.61,2.3,-0.23,13.56,2.36,-0.10,15.66,2.16,-0.25,13.49,2.23,-0.16,15.54,2.13,-0.31,13.62,2.22,-0.12,15.49,2.18,-0.25,13.68,2.26,-0.07,15.04,5.98,0.11,14.37,5.88,-0.12,15.24,7.17,0.94,13.48,6.97,0.47,14.39,7.78,0.47,12.9,8.18,-0.60,14.24,7.8,0.44,12.93,8.44,-0.69,14.26,8.37,0.41,12.48,8.12,-0.69,
14.78,3.16,0.22,14.83,3.15,0.12,14.87,3.16,0.12,14.91,3.18,0.12,14.73,3.16,0.12,14.69,3.18,0.12,14.65,3.2,0.12,14.98,3.35,-0.21,14.58,3.34,-0.24,14.84,3.27,0.14,14.73,3.28,0.13,15.32,3.83,-0.14,14.2,3.85,-0.37,15.53,3.02,-0.05,13.82,3.18,-0.32,15.62,2.29,-0.17,13.9,2.37,-0.18,15.69,2.14,-0.18,13.89,2.25,-0.25,15.53,2.13,-0.25,14.02,2.24,-0.22,15.48,2.18,-0.19,14.06,2.28,-0.17,15.1,6.06,0.12,14.42,5.99,-0.13,15.29,7.2,1.15,13.56,7.03,0.59,14.45,7.77,0.89,12.94,8.23,-0.18,14.28,7.79,0.89,12.96,8.49,-0.25,14.3,8.38,0.88,12.51,8.15,-0.41,
14.84,3.24,0.36,14.9,3.22,0.25,14.94,3.23,0.25,14.98,3.24,0.25,14.79,3.23,0.25,14.76,3.24,0.25,14.72,3.26,0.25,15.05,3.4,-0.10,14.65,3.41,-0.11,14.91,3.36,0.27,14.79,3.37,0.26,15.39,3.89,-0.09,14.3,3.88,-0.25,15.53,3.02,-0.00,14.05,3.17,-0.22,15.59,2.26,-0.03,14.19,2.35,-0.13,15.66,2.13,-0.03,14.2,2.24,-0.19,15.51,2.12,-0.09,14.34,2.24,-0.15,15.45,2.16,-0.04,14.37,2.28,-0.11,15.15,6.12,0.11,14.45,6.04,-0.12,15.32,7.24,1.01,13.62,7.08,0.58,14.53,7.81,0.50,12.96,8.26,-0.48,14.37,7.8,0.48,12.96,8.52,-0.58,14.51,8.46,0.47,12.56,8.17,-0.74,
14.96,3.31,0.42,15.02,3.29,0.29,15.06,3.3,0.29,15.1,3.31,0.29,14.91,3.29,0.27,14.87,3.3,0.27,14.83,3.31,0.27,15.17,3.45,-0.08,14.76,3.46,-0.01,15.03,3.42,0.32,14.91,3.43,0.29,15.5,3.93,-0.08,14.43,3.91,-0.15,15.65,3.02,0.00,14.34,3.16,-0.18,15.6,2.26,-0.10,14.37,2.34,0.05,15.65,2.13,-0.10,14.32,2.23,0.02,15.51,2.12,-0.15,14.47,2.22,0.05,15.45,2.16,-0.11,14.51,2.26,0.07,15.16,6.13,0.10,14.51,6.04,-0.10,15.37,7.24,0.96,13.69,7.1,0.45,14.65,7.87,0.10,13.06,8.24,-0.98,14.49,7.88,0.05,13.07,8.48,-1.11,14.78,8.54,-0.05,12.67,8.21,-1.34,
15.09,3.34,0.40,15.15,3.31,0.28,15.19,3.32,0.28,15.23,3.34,0.28,15.03,3.31,0.30,14.99,3.32,0.30,14.95,3.33,0.30,15.28,3.47,-0.12,14.89,3.47,-0.01,15.15,3.46,0.28,15.02,3.46,0.30,15.6,3.95,-0.22,14.53,3.92,-0.08,15.81,3.03,-0.25,14.47,3.16,0.01,15.72,2.26,-0.36,14.42,2.33,0.12,15.73,2.13,-0.39,14.34,2.22,0.08,15.58,2.12,-0.41,14.48,2.2,0.12,15.53,2.16,-0.37,14.55,2.24,0.14,15.17,6.12,-0.03,14.54,6.02,0.02,15.42,7.2,0.68,13.77,7.09,0.52,14.8,7.91,-0.09,13.23,8.19,-0.72,14.59,8.0,-0.14,13.23,8.45,-0.83,15.06,8.48,-0.26,12.86,8.27,-1.02,
15.19,3.31,0.56,15.24,3.29,0.45,15.28,3.3,0.45,15.32,3.31,0.45,15.13,3.29,0.47,15.09,3.3,0.47,15.06,3.31,0.47,15.38,3.45,0.03,14.99,3.44,0.11,15.25,3.44,0.44,15.12,3.44,0.46,15.7,3.95,-0.11,14.58,3.9,0.02,16.01,3.03,-0.14,14.42,3.14,0.18,15.94,2.26,-0.17,14.38,2.32,0.38,15.93,2.13,-0.17,14.33,2.21,0.39,15.79,2.12,-0.22,14.47,2.2,0.41,15.74,2.16,-0.17,14.54,2.23,0.40,15.2,6.1,-0.02,14.56,6.0,0.02,15.54,7.18,0.69,13.82,7.07,0.64,14.92,7.91,-0.03,13.31,8.18,-0.62,14.71,8.01,-0.07,13.3,8.45,-0.74,15.2,8.47,-0.11,12.98,8.24,-0.81,
15.23,3.3,0.82,15.28,3.27,0.72,15.32,3.29,0.72,15.37,3.3,0.72,15.17,3.27,0.73,15.13,3.28,0.73,15.1,3.29,0.73,15.43,3.44,0.30,15.03,3.43,0.34,15.3,3.42,0.70,15.17,3.42,0.71,15.8,3.94,0.14,14.63,3.89,0.17,16.25,3.05,0.10,14.39,3.14,0.32,16.25,2.27,0.06,14.32,2.32,0.57,16.24,2.13,0.08,14.28,2.18,0.58,16.12,2.12,0.03,14.43,2.18,0.63,16.08,2.16,0.06,14.47,2.23,0.60,15.26,6.07,-0.02,14.59,5.98,0.01,15.66,7.09,0.58,13.91,7.05,0.59,15.03,7.89,-0.48,13.41,8.16,-0.93,14.84,7.99,-0.56,13.41,8.43,-1.07,15.33,8.4,-0.59,13.13,8.21,-1.16,
15.27,3.29,0.81,15.32,3.26,0.70,15.37,3.28,0.70,15.41,3.29,0.70,15.21,3.26,0.72,15.18,3.27,0.72,15.14,3.28,0.72,15.48,3.43,0.26,15.07,3.42,0.34,15.34,3.41,0.68,15.21,3.41,0.70,15.87,3.94,0.08,14.68,3.88,0.20,16.4,3.11,0.03,14.4,3.14,0.38,16.56,2.31,-0.04,14.3,2.32,0.60,16.61,2.15,-0.05,14.24,2.17,0.60,16.49,2.14,-0.09,14.42,2.17,0.64,16.44,2.17,-0.04,14.46,2.22,0.62,15.3,5.99,-0.03,14.64,5.9,0.03,15.77,7.02,0.43,13.99,7.01,0.52,15.09,7.88,-0.55,13.49,8.15,-0.90,14.87,7.98,-0.63,13.52,8.41,-1.03,15.47,8.36,-0.65,13.15,8.21,-1.13,
15.34,3.23,0.94,15.39,3.21,0.82,15.43,3.22,0.82,15.48,3.23,0.82,15.28,3.2,0.84,15.24,3.21,0.84,15.21,3.22,0.84,15.55,3.36,0.38,15.14,3.35,0.47,15.41,3.35,0.80,15.28,3.35,0.82,15.96,3.91,0.17,14.74,3.8,0.31,16.51,3.12,0.10,14.43,3.14,0.52,16.84,2.33,0.08,14.3,2.33,0.81,16.96,2.17,0.07,14.25,2.17,0.82,16.84,2.15,0.03,14.42,2.17,0.83,16.77,2.18,0.08,14.46,2.22,0.83,15.4,5.92,-0.03,14.72,5.81,0.03,15.88,6.95,0.41,14.09,6.93,0.50,15.19,7.88,-0.53,13.61,8.11,-0.90,14.95,7.97,-0.60,13.64,8.4,-1.03,15.57,8.27,-0.59,13.18,8.2,-1.11,
15.42,3.16,0.81,15.47,3.12,0.70,15.51,3.13,0.70,15.56,3.14,0.70,15.36,3.11,0.72,15.32,3.12,0.72,15.28,3.13,0.72,15.63,3.25,0.37,15.21,3.24,0.36,15.48,3.28,0.69,15.35,3.28,0.70,16.04,3.81,0.06,14.81,3.73,0.20,16.58,3.08,-0.03,14.43,3.14,0.40,16.97,2.31,-0.05,14.33,2.33,0.78,17.1,2.17,-0.06,14.28,2.17,0.81,16.98,2.14,-0.08,14.44,2.17,0.83,16.9,2.18,-0.04,14.49,2.22,0.81,15.51,5.86,-0.03,14.82,5.76,0.02,15.98,6.9,0.47,14.18,6.87,0.50,15.31,7.8,-0.35,13.7,8.08,-0.89,15.06,7.92,-0.41,13.73,8.37,-1.00,15.65,8.2,-0.41,13.26,8.2,-0.95,
15.45,3.13,0.93,15.5,3.08,0.82,15.54,3.09,0.82,15.59,3.09,0.82,15.39,3.08,0.83,15.35,3.09,0.83,15.31,3.1,0.83,15.66,3.18,0.39,15.23,3.2,0.43,15.52,3.25,0.80,15.38,3.26,0.81,16.1,3.75,0.22,14.87,3.71,0.25,16.53,3.05,0.30,14.46,3.13,0.49,16.9,2.32,0.46,14.33,2.34,0.92,17.07,2.18,0.49,14.28,2.17,0.95,16.96,2.15,0.45,14.43,2.17,0.97,16.88,2.18,0.47,14.47,2.22,0.95,15.61,5.81,-0.01,14.91,5.7,0.01,16.06,6.87,0.45,14.24,6.81,0.44,15.39,7.74,-0.45,13.8,8.01,-0.91,15.15,7.86,-0.53,13.84,8.27,-1.04,15.74,8.1,-0.55,13.38,8.17,-1.11,
15.52,3.11,1.05,15.57,3.05,0.94,15.62,3.06,0.94,15.67,3.06,0.94,15.46,3.05,0.95,15.42,3.06,0.95,15.38,3.07,0.95,15.75,3.15,0.51,15.3,3.17,0.54,15.58,3.23,0.92,15.45,3.24,0.93,16.19,3.7,0.35,14.92,3.69,0.32,16.6,3.03,0.45,14.47,3.13,0.54,16.92,2.32,0.62,14.35,2.34,0.95,17.07,2.18,0.65,14.3,2.17,0.96,16.96,2.15,0.61,14.44,2.16,0.99,16.89,2.18,0.62,14.49,2.22,0.97,15.73,5.77,0.01,15.02,5.65,-0.02,16.14,6.83,0.49,14.31,6.71,0.42,15.48,7.69,-0.49,13.88,7.95,-1.02,15.24,7.79,-0.58,13.92,8.2,-1.15,15.84,8.04,-0.59,13.46,8.11,-1.23,
15.54,3.09,1.11,15.6,3.02,1.00,15.64,3.02,1.00,15.69,3.03,1.00,15.49,3.02,1.01,15.45,3.03,1.01,15.42,3.04,1.01,15.78,3.11,0.56,15.35,3.14,0.59,15.61,3.21,0.98,15.49,3.22,0.99,16.25,3.66,0.39,14.99,3.67,0.35,16.76,3.01,0.52,14.51,3.13,0.57,16.99,2.31,0.72,14.36,2.34,0.94,17.13,2.16,0.75,14.3,2.17,0.95,17.0,2.14,0.70,14.45,2.16,0.97,16.92,2.18,0.72,14.5,2.22,0.97,15.83,5.74,0.05,15.15,5.65,-0.05,16.25,6.81,0.53,14.35,6.66,0.42,15.59,7.64,-0.35,13.93,7.94,-0.90,15.38,7.75,-0.42,13.97,8.2,-1.02,15.93,8.01,-0.34,13.51,8.04,-1.17,
15.61,3.06,1.25,15.66,2.99,1.15,15.7,3.0,1.15,15.75,3.0,1.15,15.55,3.0,1.15,15.51,3.01,1.15,15.47,3.02,1.15,15.83,3.1,0.74,15.4,3.13,0.76,15.68,3.18,1.13,15.55,3.2,1.13,16.32,3.66,0.57,15.03,3.65,0.45,16.87,3.01,0.71,14.53,3.12,0.62,17.04,2.3,0.92,14.37,2.34,0.95,17.15,2.15,0.96,14.3,2.17,0.95,17.02,2.13,0.92,14.44,2.15,0.98,16.95,2.17,0.93,14.49,2.21,0.98,15.91,5.73,0.07,15.22,5.66,-0.08,16.36,6.76,0.63,14.39,6.62,0.39,15.71,7.6,-0.39,13.97,7.94,-1.07,15.51,7.72,-0.49,14.01,8.2,-1.21,16.03,8.0,-0.43,13.51,8.0,-1.25,
15.68,3.04,1.17,15.72,2.99,1.07,15.76,2.99,1.07,15.81,3.0,1.07,15.61,2.99,1.08,15.57,3.0,1.08,15.53,3.01,1.08,15.9,3.1,0.68,15.46,3.12,0.69,15.76,3.17,1.05,15.62,3.18,1.05,16.36,3.66,0.51,15.07,3.64,0.41,16.91,3.0,0.66,14.57,3.11,0.54,17.07,2.29,0.93,14.36,2.34,0.85,17.15,2.13,0.97,14.29,2.17,0.86,17.02,2.12,0.93,14.42,2.15,0.88,16.97,2.15,0.93,14.48,2.21,0.88,15.98,5.73,0.07,15.28,5.66,-0.07,16.43,6.73,0.61,14.46,6.62,0.39,15.83,7.56,-0.36,14.02,7.92,-1.02,15.64,7.68,-0.44,14.04,8.2,-1.16,16.13,7.98,-0.41,13.55,7.96,-1.21,
15.73,3.04,1.09,15.77,2.98,0.99,15.81,2.99,0.99,15.86,3.0,0.99,15.66,2.99,1.00,15.63,3.0,1.00,15.59,3.01,1.00,15.94,3.1,0.59,15.52,3.12,0.61,15.8,3.16,0.97,15.67,3.18,0.97,16.42,3.65,0.40,15.13,3.64,0.39,16.95,3.0,0.52,14.62,3.11,0.51,17.09,2.29,0.76,14.37,2.34,0.74,17.16,2.13,0.79,14.3,2.17,0.72,17.03,2.11,0.75,14.42,2.15,0.75,16.98,2.15,0.76,14.47,2.21,0.77,16.02,5.7,0.00,15.32,5.63,-0.01,16.5,6.72,0.45,14.56,6.62,0.40,15.9,7.57,-0.43,14.07,7.88,-1.01,15.71,7.68,-0.50,14.08,8.18,-1.13,16.26,7.98,-0.48,13.62,7.94,-1.20,
15.77,3.03,1.20,15.81,2.98,1.10,15.85,2.99,1.10,15.9,3.0,1.10,15.7,2.99,1.11,15.67,3.0,1.11,15.63,3.01,1.11,15.98,3.09,0.70,15.55,3.12,0.73,15.84,3.15,1.08,15.71,3.17,1.08,16.45,3.64,0.48,15.18,3.63,0.48,16.99,3.01,0.61,14.65,3.12,0.55,17.1,2.29,0.88,14.38,2.35,0.74,17.15,2.12,0.92,14.3,2.17,0.72,17.01,2.11,0.88,14.41,2.15,0.75,16.97,2.15,0.88,14.46,2.21,0.77,16.06,5.68,-0.01,15.37,5.61,0.00,16.55,6.71,0.43,14.63,6.61,0.37,16.0,7.57,-0.55,14.12,7.87,-1.15,15.82,7.69,-0.64,14.13,8.17,-1.30,16.32,7.97,-0.63,13.69,7.94,-1.39,
15.81,3.02,1.25,15.84,2.98,1.15,15.88,2.98,1.15,15.93,2.99,1.15,15.73,2.99,1.17,15.7,3.0,1.17,15.66,3.01,1.16,16.0,3.09,0.74,15.58,3.12,0.79,15.88,3.14,1.13,15.75,3.16,1.14,16.48,3.62,0.49,15.19,3.61,0.55,17.03,3.0,0.59,14.66,3.11,0.65,17.09,2.29,0.83,14.39,2.35,0.87,17.13,2.12,0.85,14.31,2.17,0.86,17.01,2.11,0.82,14.42,2.15,0.89,16.97,2.15,0.83,14.46,2.21,0.90,16.09,5.66,-0.03,15.4,5.59,0.03,16.61,6.71,0.34,14.7,6.61,0.34,16.06,7.58,-0.62,14.2,7.86,-1.09,15.89,7.7,-0.71,14.2,8.15,-1.23,16.4,7.99,-0.73,13.77,7.95,-1.32,
